222
5003 10
29901 64002 31104 80586 25332 17526 22741 83186 76284 97303
9692 17
10196 53196 12574 17138 59362 90107 6893 70740 89000 95232 38246 94674 45235 44492 991 4046 49181
54 16
81349 24468 1443 66803 49211 30585 67037 13920 42403 16396 25896 84312 97254 72890 50638 52778
6886 11
58564 27227 18228 63331 5969 31876 96184 98641 73537 9162 34128
5934 12
93200 42818 20981 70280 61008 83879 10181 83038 784 2096 25573 43197
4343 10
14267 98181 7638 27144 98499 6854 51840 30423 2801 63682
7824 11
37480 96445 75796 672 14521 69898 32687 88331 91366 65558 17153
2791 13
59542 9113 45527 79406 94423 35754 17394 3902 90458 237 17202 74206 19717
2046 11
54706 70810 66633 42330 2182 61705 14743 55057 12494 96894 61720
9386 13
93735 12559 60607 13613 37279 26066 88092 41539 41193 4288 69034 32870 24106
1265 15
12384 19613 43649 16146 72999 86827 63830 24675 23903 62157 68475 40536 6345 74434 15495
5057 18
69573 56288 20724 92737 37004 51615 56493 37723 54671 35107 52320 30101 98302 27485 26128 91836 27927 10394
4255 20
81866 82795 67242 49819 64636 96564 4701 30433 86205 36939 72649 56287 43634 80831 86341 77860 26711 99761 86820 63616
4707 13
95990 85339 66824 19297 32447 60478 17278 26328 43031 52851 51038 61388 22690
9736 12
35923 60246 25865 26211 50465 88283 83210 93180 86185 15325 46358 19710
8178 10
9401 4923 53621 50677 50605 45833 40436 81080 40020 96730
5006 20
64415 54828 54408 53649 91079 68314 25614 95257 21514 6050 30427 35815 12938 50106 57867 76702 43268 18289 46101 39830
9752 10
27738 51247 5944 27133 43989 55576 97353 19038 7306 3775
6594 14
78452 87680 84968 83086 28837 54261 50315 56405 23273 62447 86297 23659 67175 31640
8884 18
68993 3550 12151 59177 55880 94654 42053 36919 22326 20310 11645 63572 90230 96767 67226 6991 26684 82713
2926 15
766 58374 54429 43807 65807 71063 40328 1535 3508 73405 40243 38518 79790 64459 28810
2440 12
273 95621 17250 29022 95859 51054 32503 38466 52280 48961 36019 44569
3465 13
93292 2792 88976 82230 40282 42777 76757 32672 27452 65839 32136 32124 41021
2560 19
50332 46678 47585 3919 30532 23625 61536 87694 42077 12033 47035 9355 57157 34286 98687 53012 90653 54891 36243
7108 15
99096 7068 52131 17639 74552 31126 84838 6588 68338 33285 12876 54978 48577 90784 5157
5379 14
2764 64738 88736 81143 89115 44426 64056 53520 23465 31790 75619 76487 7914 94105
5121 12
50113 73778 45662 35894 53422 54368 34109 54993 87583 73338 61370 75182
5731 11
41295 64788 80820 20255 32915 86939 70772 67876 90736 93771 8135
9806 20
51194 27565 7833 23799 17347 3034 5897 66069 49240 45685 26491 63040 66792 32539 25166 75753 5999 48636 90405 91531
4844 13
62163 53528 68542 95477 14200 57653 33064 84617 24410 72477 15524 30271 92499
1401 19
36831 63672 99567 77727 89744 650 85309 21662 4430 41249 40839 18325 63603 33765 25313 35776 59882 32087 10209
3650 12
53189 9220 19999 13681 61795 84962 59147 35380 19126 43650 84273 54281
7775 14
92727 10611 64631 92500 12252 95467 90698 16062 49803 75428 65314 92260 17638 84415
5265 10
77151 87710 62576 68284 28968 69990 23263 78472 89175 48776
2366 15
49331 39807 31925 15075 93864 65455 1659 1973 51078 78503 49368 90125 77114 60684 6938
2666 17
53405 76598 4386 24085 29143 33667 15898 86730 95190 18220 26796 55114 77976 88819 25484 60452 78768
5616 9
40986 5202 9568 94408 81337 11907 48716 75437 63050
5167 14
81952 36994 93693 38237 53574 34460 46379 62964 91696 73438 72007 48851 19003 93921
1161 11
6615 47289 31630 24904 45754 50715 35684 83258 57095 41509 17614
7192 14
55295 72769 16452 45138 68889 51806 12267 21787 34150 64314 75172 32542 72459 59563
1561 18
5669 37006 71237 27889 9880 92091 16710 90433 18027 37612 58267 53032 30326 38789 16984 92126 87458 25619
7874 17
70627 88206 43227 4589 80391 20886 45742 77996 66548 29032 30154 24224 7841 95943 96421 59671 88927
1181 11
5320 28899 74718 12567 4193 28042 78261 92124 29214 27377 83554
9784 12
55441 96746 18143 65309 19016 67463 87305 43056 78920 66459 38253 13793
1551 19
51535 8504 60973 21609 57225 44066 4790 97265 88606 34746 9404 37223 2684 97317 57630 56068 41567 12481 68416
3198 12
74745 73616 66872 87414 65323 67834 68105 96959 55752 76939 57602 35538
7719 11
4244 38267 85654 93122 94946 75127 62329 61121 54772 97224 57356
5555 16
72557 3773 40617 53231 48511 21604 26780 43114 88406 41617 52666 5128 43089 44824 77368 15588
2700 10
98285 35481 12918 6160 25033 84961 6407 99999 4844 62129
7325 15
50907 64475 50765 10541 50295 86616 35441 30357 78626 46360 51877 15623 83174 45772 51100
2058 13
89966 20315 96608 37058 85397 58545 32764 9370 65925 80998 51763 36073 19708
5253 16
99376 57109 34580 73072 85784 78115 64201 76325 99430 62612 61696 57400 77442 73675 36834 79894
5840 10
39061 15468 9233 70067 7708 27613 7579 18131 62095 8068
6352 18
49638 42358 77842 66726 65044 43860 23511 38972 34590 3993 31336 40118 61506 27570 64329 45271 95531 42176
7785 11
54677 59501 77242 46623 41614 35794 59837 4026 22157 72110 48557
1008 17
27054 2818 78428 78515 84098 65480 16964 27777 95842 52669 49419 31576 51508 56557 57938 13092 46188
8591 18
60237 49613 31632 30074 84079 79328 58214 60267 4367 78446 10379 94483 92938 64419 31112 50910 2595 55863
6528 18
50675 75647 26612 13492 56565 94286 7474 15264 95983 8991 31839 52222 19149 44540 66048 89483 47273 25347
9045 18
45335 69232 13713 19059 41506 19468 20061 81167 78045 21167 43068 82414 37302 21723 78288 54030 62787 86487
4073 17
53563 27832 42866 15207 46024 28100 74354 55069 80978 15461 63376 54761 68855 27061 26997 10082 2359
165 19
81958 70232 56855 78531 77356 91426 88798 78600 29967 76135 82111 77458 28355 37089 57068 71402 33518 51720 6338
8454 11
42698 40763 18457 93451 95523 23672 96329 71938 96965 86463 67245
661 20
44823 87312 77606 55860 25973 32402 83190 15297 46618 9112 5110 48941 86001 49350 15973 41272 66405 31489 50977 26557
6847 12
61374 34226 30637 89984 48260 48885 10242 21656 35523 4527 1272 12486
2904 10
91335 19713 42921 43181 31835 27446 60058 55723 94923 54135
3749 15
6135 64239 80760 34952 1725 99171 33851 85040 40071 53713 99459 52300 20994 70919 68045
7411 10
26406 55583 2570 1625 95591 23573 20950 6138 44795 28926
6008 20
96729 34879 87851 60417 14507 29348 5250 43410 80558 79165 36282 29920 45867 54791 11410 84551 49132 65795 34661 24401
1113 13
78953 92130 71738 29243 56563 52266 5952 87168 36323 47297 51111 70689 68200
532 18
50729 67734 75534 83846 44285 91636 28371 4761 40565 22798 92286 79778 55620 9513 86400 78986 89500 41915
7960 11
1014 92331 68218 99727 26691 29746 61265 84486 71378 35063 37587
4820 12
76438 7553 33462 59744 47110 16363 98860 41889 51353 23528 34392 44794
9235 14
57604 17797 28208 41087 75751 34253 72012 68457 73539 21296 18807 6052 33298 17945
1962 19
10878 44428 29826 58664 73818 78135 73637 89879 62671 2502 84765 51671 82765 96098 68175 96281 30483 37278 69742
3470 14
78132 23632 33836 46955 77800 44068 20222 83206 88324 56067 73037 98740 72116 20558
2032 14
91965 37577 45084 65662 38220 38720 98878 13168 74328 22799 30203 24656 13151 26930
426 11
89569 98210 44266 48728 6427 47318 34598 63707 69733 5242 49744
8738 17
36519 46844 69069 33701 92795 68221 41936 2052 485 20614 10840 42857 1081 89237 47390 34438 88550
3488 13
77277 43815 22876 15889 40038 90475 1852 64792 52642 21612 15548 33760 94169
8806 19
2698 72171 22017 37049 38700 4637 62452 75719 4935 58071 78327 29987 39730 40312 53684 16845 26433 68367 15056
9975 13
12838 49879 71752 37935 47748 98346 20251 3270 41564 73261 84934 7047 75546
8839 19
73517 4964 61444 48420 15830 62467 81713 25978 11548 30601 13780 76776 24954 93992 79479 17418 66404 80409 25692
8728 19
18116 56671 74374 71936 65433 81479 50050 33260 74978 32405 35203 10134 47730 87702 69082 35881 73194 15654 72584
3130 18
79652 82904 74193 1414 31519 21113 71423 61595 88641 33482 59713 56914 74557 26726 51923 23567 16468 92289
966 17
15370 65968 52294 74347 74040 54415 64648 68523 6750 40690 99123 53320 59592 20379 42312 18952 61905
7436 10
82794 52041 15286 78204 25505 60441 56562 72142 74957 97220
9264 11
37317 39081 69055 55825 34349 92647 77524 74098 64889 77169 22683
8471 18
35984 95942 56064 82112 88411 85198 55075 84197 94993 78117 8621 33641 69879 94936 16276 34159 59116 96319
6218 16
97296 9772 78879 66609 71790 99660 36207 90010 28704 11167 21458 93996 26004 70536 18018 52549
7219 17
79025 10232 65577 81402 56374 30095 8046 61498 99905 76261 95844 80035 83244 52610 6933 46688 10771
5375 10
13374 45291 62983 66440 17446 77236 88229 85931 93957 36742
8948 11
74142 99039 96525 80513 73090 27993 30319 92763 56187 39086 50376
6793 16
17817 77295 5382 93306 31062 79152 74394 6450 67385 57183 11329 33019 19311 42097 35889 28348
907 9
36274 65743 38694 45218 22820 47831 94303 74734 65891
1538 11
42143 47429 65580 26690 58325 41813 18017 28339 89539 52573 68919
3490 17
523 28515 26137 63597 36562 25948 16656 53819 9197 38819 47025 9042 28574 26325 73667 42799 90057
1347 17
98140 7094 27208 34578 5755 82341 91136 89330 75457 18145 81931 40508 16671 82119 72872 36295 94280
4743 12
86802 58776 68179 2448 33099 80226 29155 78557 36881 71133 31549 93560
607 17
71566 7687 19540 23142 94328 12217 93400 16270 77966 51027 27386 19286 78225 8687 40585 9855 60777
4077 14
36959 82847 80141 38701 31984 50568 49514 36514 57190 759 24347 30650 92882 10864
9221 19
93774 19985 74554 76388 90500 57012 25306 86722 8245 84026 67088 88738 88825 70487 24514 52725 83297 26344 29873
1208 9
65113 33345 65994 8643 90719 58729 13442 93048 67791
1458 12
69893 35673 25034 18413 20711 26866 96190 84185 82976 57706 82004 9039
5174 16
25843 88338 90616 67893 11234 22545 43569 39935 99148 50512 94207 87840 55198 15491 67023 89281
9437 17
84345 9563 78864 29046 44727 9879 42750 18572 26585 57399 63959 15267 79888 61983 22126 7993 54626
7716 14
81305 81357 49735 15088 1378 9804 67235 55976 10333 74486 84331 64986 44713 80031
5233 17
33531 55282 44879 1232 16523 55260 84401 97031 64931 25607 88677 59516 93476 78256 68560 47707 26521
9480 16
50598 24088 80537 89930 14023 62468 12866 37602 74009 7150 54988 74313 15794 42351 7050 58791
1958 12
55623 30599 56930 11340 67480 10476 68944 47326 25806 57066 17895 6851
5451 10
84441 79931 98744 97843 84604 43091 66624 24619 11394 96027
8107 13
27140 53938 5316 43493 32686 10439 43436 96377 33966 94000 96135 17453 5915
3701 10
29363 17233 82564 62387 60238 57789 9943 40513 58016 66766
6385 16
96401 74546 97321 27684 62682 21740 93346 98745 63619 63976 10866 43475 84616 73316 60313 91028
6857 15
68854 70698 59017 716 62817 86539 86137 9302 61611 18415 20089 15612 63757 87451 98015
2103 17
52305 32613 52840 37862 29044 14424 98670 61578 10579 6743 11028 82672 19124 94707 25083 82318 52599
5663 15
47686 88330 71284 44330 56926 45285 37358 52013 71163 19879 11433 81716 62251 27257 44041
6183 13
7000 51268 68223 16724 23121 8036 19522 49809 95481 96469 43809 65582 44469
2161 13
11177 35535 77726 33316 79403 85231 54735 42313 8541 29731 90603 60933 27813
333 20
26728 28898 22979 77281 629 56312 83552 17375 16094 66274 43130 56452 66077 54340 65703 85210 98009 2253 42018 14167
9331 15
80320 70780 57656 69600 76322 67845 90493 4633 31863 61560 15630 90150 22983 45190 18687
8924 20
4045 35280 63884 11531 35164 70709 12031 19112 18916 96539 3317 94983 82408 36417 75238 39946 74346 37607 43711 60589
2809 12
28638 79755 66954 68206 92864 7027 61650 38226 26301 99563 19538 44789
803 19
62986 31818 81940 53927 28304 70093 16274 64953 97193 67839 87528 80392 38793 8554 50810 39931 13551 90712 46309
5971 19
26586 74513 30555 29132 17058 33269 46878 22971 48281 36326 59170 89985 37400 66882 38344 70249 29902 22135 83747
8353 15
66026 47077 56004 88320 33320 97333 37692 42951 68447 24142 20142 92991 4831 16456 65754
2900 11
42158 47321 28661 314 63775 5624 51805 64218 71673 21725 8159
2392 19
24706 49173 9482 45798 48016 20247 27503 49985 13110 61950 60584 61279 19690 5874 50451 62322 95757 38070 42608
7477 15
4486 14337 21320 1718 28999 98722 70695 99478 57829 64906 71454 73679 81611 28312 21914
2276 15
43859 88880 22235 60061 28198 39529 49600 75298 80809 40974 16594 50057 53887 83080 59168
1141 17
92514 20032 27304 46144 17484 22551 3452 76387 14213 22460 83684 36138 97348 75236 90440 22369 61271
8740 11
90376 68423 27141 41911 75876 21066 13340 71729 69692 93194 21042
7224 13
99840 50259 50855 91960 87834 49699 99160 13845 33617 78669 47075 1021 5633
645 13
3243 98599 6448 19778 34872 29121 35601 26267 41048 55001 18510 47155 84181
976 20
61575 84408 3485 79713 84913 20915 69105 7768 3121 78129 70061 2565 96395 1581 27399 89648 25452 61758 40726 92649
8579 17
93644 32857 50172 58380 67792 25061 94163 86479 66400 59806 49773 56611 23517 3105 29781 18647 59987
6545 10
46569 42511 99088 51313 77762 25427 5041 19365 47027 26779
6377 16
9806 51511 66152 87756 9703 27433 53190 27763 56798 19430 79352 59581 5993 67396 38727 8518
7199 14
12935 61915 74428 62380 24487 60924 51920 14 38452 68792 76608 63115 27031 45151
3008 14
75415 8538 96975 84471 99357 11958 24130 96931 22516 18518 30813 30115 34054 31683
4774 11
58747 96939 91747 29237 69929 39616 99147 81549 10565 58031 45243
8618 12
43686 80547 84943 13828 55352 92996 98333 17819 21205 59270 26628 15525
6390 12
80827 39452 32063 68863 21226 32181 2981 2525 54822 1276 42080 50928
6860 13
85474 50826 52009 57414 22766 27106 73758 40502 75756 94084 52824 60350 89647
7583 12
54750 22611 81527 56236 82153 1645 50075 53998 29251 45936 89142 49646
2331 12
86018 79548 35191 67429 95845 82730 99841 7728 47495 77431 99421 78051
6859 15
58121 46345 80638 8746 22568 59782 64498 61742 36388 89409 96771 62573 85409 63595 55716
1139 12
63126 1884 33173 51672 13159 59678 46215 41635 19263 24234 80578 20382
5239 20
20909 31060 84346 77815 96215 32705 99630 85295 60165 72887 93034 84253 98401 60645 84030 77807 78457 48604 40472 77922
8015 13
77829 11866 89655 37858 3447 53394 45257 86034 83912 37755 62193 98322 28081
6654 17
82253 4327 5163 72165 27796 56570 68860 18908 4688 63573 10613 31707 61709 78231 56962 40876 42309
378 15
11750 44005 97644 95421 20862 74832 51768 48627 23703 17811 54584 49619 71306 73029 1040
6099 16
85515 67503 59527 39635 98075 58905 56736 68465 51534 60308 59683 51265 19825 44700 10602 27595
2798 18
28463 13972 3363 58337 5547 2298 39151 24639 55073 36023 25320 90997 7485 74714 51701 96876 62930 79291
3092 19
56358 52667 43220 30153 30594 97590 28130 85027 76547 31908 45266 77378 52121 27169 68998 53688 61478 41758 18211
3899 18
34694 65256 62006 57756 94267 51086 39555 501 31861 77763 61790 14286 26833 87204 96065 53892 37706 3164
9027 13
58873 32154 33279 87363 7881 65327 96865 7339 66363 30917 16771 80014 57018
1111 15
77265 50783 2241 97307 56794 11913 61130 64229 13865 52678 24567 11568 46827 47683 70313
7569 14
19188 80080 30400 18100 28781 98612 80384 96415 16217 39255 45693 46664 32093 77541
3526 17
18404 4962 74056 58112 88159 35922 55256 69986 98517 31730 55524 23684 41057 92743 11525 11688 76640
9588 16
72607 61586 11697 32837 45047 45766 99620 82776 23697 77918 2915 17909 71425 20609 51868 52079
1272 14
52389 35562 60531 81749 60782 70208 86023 63294 99699 72853 87062 40023 92416 43982
358 12
99987 82429 71018 80552 17648 24525 13196 25027 74558 72306 61764 26921
7651 11
35438 58783 41039 68266 65559 76550 49900 42105 1786 28212 31415
1340 18
7179 2184 2239 11220 18235 9369 48422 83278 56105 29399 30989 79385 70815 42587 66307 7227 46563 26338
3172 13
8967 96240 71744 49452 47058 64521 9062 63434 79747 93592 43269 11291 60034
1766 19
52409 53596 79777 6660 69757 75696 554 93776 72289 12421 74387 61094 81273 24458 75892 77826 50775 67168 13224
9689 13
92443 24717 52173 57232 41822 20901 99959 16618 25065 99017 26460 82941 52717
383 14
67988 91316 94394 88866 92070 54707 32051 69734 4887 928 82241 23838 94186 4838
3795 9
16388 63779 7354 3783 28233 560 93681 72062 73797
4600 10
70670 42989 8445 22180 37460 44640 62439 3579 69772 36120
3882 12
14591 69472 70321 96397 11716 36839 40561 97302 49323 19096 15361 59879
7371 16
43296 86480 39494 57846 48999 82639 31316 5835 53762 29813 68656 31253 36522 21001 5145 50743
6601 14
49250 73875 51301 33026 10989 96661 1255 70705 17231 54476 22199 79351 72784 23397
6071 10
66149 24260 26744 8851 69243 8331 89757 85117 14499 27645
6477 12
30083 93482 30467 34387 3333 10324 7617 54594 73936 55151 93840 72353
2044 20
27066 73699 63471 2766 79761 71861 84863 92294 29958 63723 59429 69976 90947 7230 64546 34336 89068 39554 25945 69029
6224 15
88865 56907 29149 27734 16667 81674 54182 83248 29991 47338 14464 34784 99486 59495 54759
2210 12
72234 64725 83224 79013 68536 75192 4302 7007 72104 62997 93881 44063
3762 11
22922 39282 47825 50833 26579 81655 68129 11062 61428 76719 94456
2890 11
55383 8520 59460 53382 60955 64427 58072 58257 87869 58129 4120
2054 20
6185 2201 64013 78287 15150 45711 78222 94677 57039 80293 59767 91659 1710 92636 85047 93387 64706 38213 27668 44097
9262 16
45949 71584 29142 21529 69915 56822 53215 67106 49295 58501 36382 84435 59008 61316 29760 50119
3227 16
85530 95505 242 54427 57700 93980 14935 74786 5158 98135 25613 54977 91026 97704 60855 76380
7142 16
35387 14558 51013 19387 69766 1536 76010 98014 27558 61807 5224 31774 1585 72642 43691 67052
6868 12
63633 24010 25215 45771 31971 25788 13511 99107 67448 23253 12551 21326
4798 12
45710 31668 36368 75410 3629 11259 20972 4884 20854 85777 17631 63031
1055 14
19891 94770 74646 44346 28720 57989 80197 19411 55998 89499 82162 86678 82915 5300
3738 10
69821 71841 53900 7563 92805 36649 81904 11106 3088 10148
9880 9
7240 9624 91957 27620 18267 96292 71004 75514 89178
3906 12
8468 49262 87685 91591 94329 83516 36478 67311 45066 1949 55817 6030
6370 19
427 46583 37690 25601 48312 40362 84683 43840 93433 88380 18097 33734 32239 94898 93870 60385 91160 3501 32566
1267 19
34469 592 39525 17825 82685 66432 91226 67886 18473 2829 90776 13994 96082 40834 30878 9506 9453 62486 5885
7514 17
72608 46123 44651 84840 48287 65697 94203 97283 2159 27555 28664 32886 88281 85114 20636 48953 17566
5686 9
93856 86265 52100 33504 21711 19768 15744 21496 78863
2373 19
56102 60599 57460 95985 80114 92511 99184 33766 29834 2562 60194 81065 5275 79075 42763 90410 91996 12505 80700
1284 17
47498 57915 47274 86714 10114 25926 24449 76152 23372 91858 40470 57491 9653 4411 73962 41598 7946
3548 10
40089 18494 15037 62046 7620 43615 69461 72581 98495 85798
9913 16
93744 96531 26746 5896 73854 49953 11524 6464 74864 44924 34662 54421 79315 27883 86317 36752
6706 10
14892 53515 74551 78717 29936 39496 44340 93556 71361 57944
3840 15
81718 77180 57288 35383 99721 16237 78316 16075 82945 85873 5334 21985 96164 22963 87178
9020 13
12076 70193 39321 22131 92230 14938 87759 11915 25866 18930 59073 81450 9505
6547 17
47431 77344 70366 69601 5873 42728 69784 33036 38245 948 17386 35009 41022 76796 65955 1551 75157
2586 10
19272 40783 24658 21861 75360 75206 66886 50996 63508 18470
8063 19
54650 584 66482 86727 67137 91775 83707 99401 43447 40424 20005 41326 89491 62555 40264 56526 30541 29518 6973
1147 15
15800 17399 93125 69938 45329 65427 4463 64382 5415 51658 60608 5677 91386 61399 78191
1812 19
86931 85113 54479 90159 87679 89741 53322 87752 52496 40192 52135 38890 26813 81393 97811 89310 78702 65584 78892
5857 15
65193 6504 40680 25390 67607 58643 7444 72811 85184 22716 86694 32808 76320 44471 94779
1368 15
3557 39762 21743 95240 64162 85216 14971 77213 64726 36841 97240 36861 1595 3584 69989
836 19
33446 43994 79309 26497 32937 23010 21077 33905 88896 65888 11472 56437 66978 42037 58737 95451 65475 46794 48816
8973 19
20203 75414 8089 82094 94822 43139 54002 42555 76599 32010 35726 80592 52515 3804 6258 103 18526 72550 16911
9847 19
98774 25360 49572 51583 53569 34886 37905 90236 85170 76930 81346 11764 86436 67470 83320 42249 83562 40102 31148
1123 11
62034 13407 39015 84388 58159 25432 32793 60904 92945 81414 15386
8923 10
43674 60193 52393 62108 51239 81985 19488 73575 59575 4086
7197 19
37221 50884 79354 60373 29183 57881 32052 40527 45087 70548 85002 33752 57825 9789 17486 47711 35493 22905 23852
8072 14
20359 61534 175 25731 71119 95354 531 62133 61889 69059 5409 27615 45733 29735
7862 11
80707 24226 43963 90271 78834 66736 67246 2746 56089 97965 51312
2273 14
11854 45843 41607 79374 96670 18856 90745 36244 41710 65605 32763 47563 94412 16090
9399 17
24519 55071 10385 13122 72644 57177 2194 12168 58992 61898 24630 51538 66141 18540 21818 91922 82656
2831 18
98578 34178 22273 45097 23139 95479 3628 47150 93596 93973 15419 87748 44596 19327 28660 38304 82123 27785
4666 16
95333 14471 63096 62627 77153 961 59496 59870 99392 82849 61747 40896 55401 11975 17881 87540
8705 17
90488 36907 78570 38588 96302 92879 32535 10597 95673 6164 76391 30052 24516 10174 90814 82756 96945
7668 17
21284 98104 51435 72876 62646 14518 8053 59940 85338 78534 13360 77890 67900 13007 93229 36925 77543