39
198 4
67461 85926 72862 43277
13 2
27540 35977
2 42
14231 20070 21110 31577 28336 7988 46105 73076 4967 9816 75008 18731 15822 80121 59076 28678 33458 40238 80013 94927 94929 15378 32282 990 25309 91892 57618 61729 22850 64189 81648 56751 63065 4797 3694 37448 92753 18725 29076 94531 20417 47713
341 126
25253 92745 56784 94158 1748 19692 14633 5364 9595 14780 44119 95907 7179 6067 66431 22436 86685 12380 8588 63895 40966 84171 65482 84023 28840 28734 74611 7386 44689 74441 80379 24792 75715 21145 51393 34033 46889 14836 29940 5833 14686 48060 45129 23903 92431 98711 47458 10858 91236 4105 84051 61612 53654 27539 2310 26655 51085 58013 75772 17687 89563 78635 3737 23600 78504 21654 43382 35543 68165 49126 67848 99303 43371 19563 84457 78848 61447 63250 23306 19750 38255 71308 37249 68469 36129 3639 72513 96614 12710 41301 79023 21177 53996 65594 73279 31210 48722 86710 30553 43737 43070 61071 44657 7692 25010 67863 45193 16991 29000 37193 90078 20099 12091 60032 49397 28003 7337 87751 48171 20347 21734 85489 22573 51588 22584 5531
233 74
89884 63762 15738 83721 61684 48463 62034 95929 18159 12612 10642 38056 88769 44501 18886 47390 24361 84936 26943 28283 54594 76529 34989 49723 71385 82027 23855 73002 60486 88461 95770 77384 56514 29566 84370 26491 52542 72359 69606 48126 6552 16149 13953 45297 20353 50994 49919 68014 58815 98639 25262 19845 61363 14044 75648 80620 39377 28073 6489 22883 82651 72800 17990 83716 67783 58864 65203 7574 96984 41182 67116 53928 72822 1602
221 21
47015 66391 18439 30788 58210 2939 63931 69314 62039 9653 96568 42072 59295 55582 7527 71305 4511 44632 8930 68448 95958
175 56
96635 10004 19425 41828 79573 51905 65549 11709 34766 431 43305 92362 43057 8845 39666 57357 18577 49541 86775 43727 11468 58687 66255 76551 12889 16923 38241 11212 77811 88585 86176 33869 20404 57222 932 28876 93814 80449 38096 11960 15706 10659 15915 42231 56136 73945 49955 30984 72949 63789 95323 19595 96370 27270 95536 20570
49 30
30959 31203 98830 46198 76864 6779 27350 89592 26840 85206 50481 93232 73953 31512 89548 4463 75692 41777 13650 9618 79600 51487 89403 5839 65489 64456 48584 75200 27227 57247
70 7
51218 46955 64693 39147 12609 59038 69450
766 220
29885 41210 54843 9565 39452 43813 29296 2351 41945 11504 25748 96228 64219 84390 77966 76055 1386 86502 64731 62725 81828 44778 59852 99662 72437 61680 29791 92093 99082 45623 97704 5669 49593 42794 68741 42517 24788 47250 13275 36565 75811 11485 99534 99473 66599 41547 5684 82842 32477 67325 69004 54917 12929 86819 6543 17996 17645 13700 24278 87394 62321 13631 26969 79661 13053 94891 95125 1328 52328 48697 41821 80897 51895 32877 63549 39354 88799 81673 93740 11403 32596 68029 39323 90301 2043 77390 99138 94727 92112 27031 83482 95298 86128 85942 33588 112 73399 82714 67582 6262 77959 12525 97029 11519 73137 16647 81631 7518 4500 64463 38663 97777 55102 42392 66494 98970 79581 47594 47890 13909 13423 8546 66777 13516 91152 93067 66467 30359 82935 18024 49625 64562 412 16532 16429 43852 54965 66293 41987 31124 78242 73890 55518 5817 35551 80068 87919 55886 28107 40992 56880 97422 99848 31126 71879 51723 74290 56756 49751 91210 35111 67884 79972 27496 73631 42817 77291 88523 38391 27297 67043 49738 81106 43542 61054 17954 5005 81663 79310 67173 77010 79952 60519 86167 1451 63679 44140 45221 79512 55938 86303 91985 61699 27604 74392 80999 38707 89028 20730 85601 49083 85118 30976 16015 63677 79392 20685 53023 13442 13161 58670 87947 88128 80174 50382 44060 3927 10455 54559 2949
566 270
37223 12567 13588 71595 78842 38833 53685 89461 26796 82565 62935 62033 86022 83077 75134 53337 55272 30456 61947 67466 70821 44570 52544 54256 30784 25196 70501 34484 24002 89825 93751 912 38343 81209 43804 57183 44497 45995 13716 91343 59066 16165 76704 73131 34835 52841 24154 80431 39586 78644 42859 48137 64974 19485 31570 48112 51660 49591 71764 81981 37463 80289 45383 93532 75673 99039 12161 55025 70079 50364 75113 8829 14046 17664 94733 28807 64084 12082 85408 8392 10914 11568 62017 41416 80697 45976 97495 83262 70364 58455 83308 34962 97940 23224 5854 34779 14459 43760 12157 27138 84832 13037 33170 32918 74626 17678 49086 25775 49209 67835 68975 67933 55965 41275 46658 65566 58922 79809 41392 63239 79347 60690 48711 967 87725 21511 4269 14613 21166 94034 44515 80915 14435 79072 7294 86903 55955 13036 32065 23102 86104 68212 89359 58 70584 85866 43912 42756 71482 10252 67760 2696 10603 59085 35763 10795 40963 32884 61622 904 60113 51309 79723 17162 3721 36530 17155 89540 14134 26337 4596 75390 98614 23438 92906 79782 90698 31833 74904 38845 99075 56063 88308 76846 92224 94815 68134 29173 86373 79702 31234 38700 79350 17797 7865 47370 84436 67314 64462 71949 39313 24020 83153 85576 32469 87115 64831 53615 76602 89339 84881 6201 82463 77085 11029 13058 6814 10859 33046 54034 53186 36108 71953 91797 89054 66836 1340 52612 86163 88139 71632 15174 14515 57091 4776 52344 1450 18260 31871 81532 83768 38264 98228 78805 26692 74061 4985 17376 16318 23414 94965 17968 89095 93334 2562 37734 90315 93222 29537 39523 62445 35619 72086 55920 65214 74083 16914 61347 53576 14401
595 84
83624 30121 76269 81941 65518 69553 83454 67847 75796 4097 53332 88482 25378 77214 71031 27390 31554 93688 27858 11463 20137 71947 54532 52270 33576 37648 28288 33320 31613 27503 83310 41229 74538 971 45036 14502 82947 31462 6037 12966 87655 21732 35513 31969 56164 70489 79080 93378 76429 45935 77955 4061 87934 27870 67658 76528 58946 43921 20235 20054 66043 23656 41320 79101 19437 30988 95259 15117 38177 78573 53101 28662 15449 12024 17275 53774 87682 56201 14381 46209 48493 47506 12009 14680
409 318
30535 45247 39753 73254 85908 22768 61189 40129 84879 88644 430 10958 28384 6710 99513 55166 56983 47527 90997 38807 52658 17062 53958 91818 94911 45676 71584 57217 12257 98740 89489 54452 74057 47187 56212 92558 91079 62941 2829 33532 29017 53489 23010 3429 76095 21187 24545 51964 87266 24087 78587 62334 55574 8789 72765 41285 42773 9791 9512 81585 55493 39991 29695 49363 75408 71220 13429 71675 14043 9228 79479 37700 54634 68092 30239 34353 14052 69202 33860 37566 82649 57367 72293 45793 39022 74988 18381 91139 2883 61561 88463 20668 84978 81533 69730 59498 24564 32930 15187 89061 24066 56527 64966 35582 43082 63318 28504 48054 67752 66652 33430 45372 4045 86152 89188 86700 7995 50063 49121 51178 71038 91208 42112 84829 81702 25769 78387 55244 92744 61069 6955 13684 68954 12812 56547 88829 16131 41722 71982 93442 69565 34038 78715 9930 82997 20044 93088 12477 1468 2162 3512 90512 39801 41181 7653 79839 16497 97691 32844 94696 97430 10597 91062 99931 36305 68300 2004 24224 61959 58202 30851 81176 50335 73984 6958 67726 89275 34274 81651 99017 56032 92444 36851 26107 10185 86559 26441 429 42743 15307 17233 87441 20427 79881 7479 29740 79335 34036 81244 41014 32963 1692 77585 51334 95121 52795 31796 42760 4655 16721 61932 81784 77454 10017 47780 17445 13024 3947 34597 8865 12588 79484 22221 67787 78068 5187 46700 88812 24022 23417 88533 77904 19472 32167 61656 44931 4416 95446 1774 76644 69100 39598 26615 46186 26446 43716 97261 72750 21758 69833 61181 44114 55948 57837 40826 70989 51444 88837 1095 18778 50308 77138 36917 16322 44857 12086 14823 74784 83802 56123 17338 8572 81744 77559 32474 58197 60357 82423 4372 74574 70347 88188 51050 92779 42046 96458 72795 74465 24316 69238 41360 21891 16011 15512 19263 69052 98713 26953 67804 21152 82029 65002 14107 81949 73687 11681 64573 53861 87963 67714 6914 59640 32856 69464 66371 28988 41545 51925
316 219
38150 19578 6539 11938 52935 54607 37184 18096 2137 99688 29640 70737 81348 26310 47075 4066 96259 66072 91004 93231 50413 38603 52317 93756 73265 48626 75078 76573 54001 73761 88947 27335 40782 83034 24752 71260 37133 13219 56026 59112 38922 84200 94703 94497 50445 96728 65990 55874 72445 41902 5903 79996 11376 12078 17371 52354 13679 58413 51259 36348 51018 40476 23895 43744 3179 98893 54039 79323 89781 74885 74530 75062 12678 21900 65157 81105 28442 76779 2659 89386 48810 60397 10299 84170 90317 72022 71680 79359 16725 11698 3612 74448 61658 2640 80578 59102 32462 94063 88578 1591 87306 31953 68083 66694 49629 19065 28111 64358 9794 45114 20740 37633 1333 39973 45424 56828 61631 89330 81878 18495 49042 55014 26255 55024 20489 41167 92734 21621 92513 11097 9030 57317 47273 72918 33313 93847 71985 1988 91318 94774 30606 28034 41591 76044 84755 34360 20218 43944 3889 4095 87109 96874 34616 76449 32457 19235 94807 8446 47767 55689 88757 98292 20767 52101 32913 44721 15368 64904 66571 55032 7152 83915 32506 77494 77059 47637 27590 48515 62644 21251 40043 69617 68985 71317 26226 48088 32542 7426 46041 1910 77505 65175 85097 45738 9600 55697 38193 29628 71013 53297 7726 45887 86660 42129 33556 13769 77078 95325 56351 80375 26928 70723 77926 44132 8676 11253 1853 49335 14244
127 458
72133 96353 23428 73875 15488 54702 74887 9069 19861 72384 38952 82984 77641 39963 17705 17823 15474 35586 3586 59439 95581 15734 56524 69002 39347 67596 75072 1234 82448 7798 56732 55718 71760 35483 17163 44801 41949 89793 84898 43457 55898 8091 43873 32485 79261 58891 21487 81760 65551 65042 97167 88279 70843 74751 1486 54105 79324 74923 74876 67137 57771 97433 29485 19383 1766 98109 34938 49427 146 26849 17253 57924 19144 40608 75999 64926 15712 30680 21776 76335 85786 94961 28970 86217 45015 26210 22991 39400 66747 33562 23480 21962 1288 35079 8973 38872 8839 50827 67887 54306 18475 35884 7247 59103 87087 41576 20962 54753 89848 94208 55441 8735 82125 76862 38705 52958 15254 29856 45139 1266 13128 80749 70296 97013 58621 84786 86077 86201 19631 35728 18932 98645 26674 13239 92209 39885 26769 12011 51581 68257 44636 36012 7554 42681 64478 87604 96790 22265 5853 66867 98245 83399 59556 66782 56716 79519 42445 32609 51461 17235 42260 77252 47819 65398 98236 95403 46364 52156 20633 38204 79666 54583 43617 60377 12150 83338 53665 35850 30505 25377 12334 33674 30664 47062 7005 999 77206 17907 58028 98231 24604 95702 93241 67311 93006 98859 29133 19256 97876 99147 62755 69669 18450 11456 90450 87445 48009 41100 79473 27832 20954 3628 7861 39198 70845 85763 49961 39428 98936 61212 44704 8115 42622 20979 93229 50387 24293 337 44872 93588 27281 2887 98806 90194 34109 62530 4432 42352 88983 27228 77608 65047 44642 4678 43747 8262 34384 54267 85618 33977 78144 27299 2709 2677 51927 74905 81407 38339 93441 29711 93166 15749 62259 92192 84162 16414 38606 67779 88687 73022 25610 12747 51026 1226 15497 92756 34587 88423 81810 22911 28055 77658 12489 20870 44330 62904 12485 92325 36163 53756 78810 82253 54368 3497 78903 3623 34845 7789 95841 68646 31870 40091 83815 69426 22402 50556 4381 29973 47424 17556 43204 88894 45116 7470 52734 5374 66580 30480 98119 86599 73913 86120 51287 28167 89546 90279 39984 3477 72943 40132 55023 44984 93581 60106 9987 82742 25460 968 85308 67631 74451 10801 48532 30723 19417 63417 11109 33798 98589 87523 17995 20600 81058 58321 37362 31370 48973 36229 51537 32102 33368 74737 89376 49845 15346 31075 45340 96407 10123 42979 21091 64783 67513 69996 89204 49000 29869 85612 49743 18371 10697 50207 16198 73617 83703 36421 24766 59773 81604 57544 18674 58346 9961 53355 69975 28222 54010 3696 76083 58631 78745 67602 42100 9734 64714 76303 5110 13065 36863 74177 32905 58281 92322 1373 96816 73291 22452 75844 81770 32287 21083 82854 81208 7509 59384 38712 64761 7084 16435 99009 80160 334 49908 35053 4318 86924 97721 12500 50283 93290 25147 17625 48830 53893 1860 5056 1608 55800 76223 9610 40008 34037 56976 37601 701 77407 32538 97572
446 236
24379 16893 20330 56557 34464 54707 77659 599 77554 24826 23114 55052 77100 14102 25099 74643 60158 7931 46333 90529 3555 17966 18672 90806 58894 42342 63236 81692 85261 67441 19547 32695 90892 50513 20780 26306 85721 90136 9529 42624 75931 50844 20167 33049 57779 15728 69379 87136 70162 41555 54228 77033 59834 16606 14790 22784 50509 12900 9051 89623 20434 25553 62271 41255 54760 99591 42816 52022 47452 24362 82129 38954 34617 13396 44856 21972 5812 96298 74770 28867 63441 50371 85814 89002 99716 5920 72855 72020 72913 75226 97574 18795 72651 9947 45937 44929 27375 82031 19688 85682 63571 39889 94051 30277 39245 17404 19428 68584 40072 44145 75278 3798 94993 69568 16237 76683 86761 46438 56528 95385 74545 90886 68673 44897 26045 83290 27372 5992 33756 16811 19306 87147 33203 45418 77878 14501 5046 87815 95189 41430 75235 95473 56809 43055 82201 28831 13136 72108 24037 70641 25943 74551 88360 24754 34622 22875 71834 42685 59184 19279 32790 63509 85641 92284 20030 54770 4792 85473 49528 73782 36177 68444 58863 36727 89003 54789 50892 15763 57081 19357 17419 88783 76211 27613 86261 30332 5905 68644 33442 99357 88068 34963 70915 75926 83007 5029 84508 39310 94775 55830 19509 47922 64935 3550 22858 80978 78870 35979 6698 65760 79409 61569 52041 5562 80200 49149 18606 55662 50948 3372 45324 35589 95218 56986 68268 69194 25224 69798 17548 82791 70104 75956 70399 87020 87881 16010
865 421
69537 68077 22979 45677 68773 9661 3259 42245 93799 20851 12959 40630 58949 46839 58433 34485 49135 37410 91703 92165 39037 42596 74398 41362 78661 3271 75762 24764 10491 8194 866 64636 15686 48618 12289 20191 61882 64696 7401 81895 70769 17125 29548 36098 37870 81220 44871 93815 23387 87468 21918 72677 59456 11003 73086 4477 77699 98668 67327 0 34925 3123 42914 77576 9900 76606 4923 2868 10633 51754 2633 98688 29529 68256 75553 67389 72213 39165 20717 74573 41795 5266 47957 63626 6753 29124 47741 61715 73762 48511 15204 20114 29526 14644 94024 66352 61770 44378 23545 54748 46351 65957 36290 47830 98972 80528 88237 38470 88565 75970 819 62091 71860 39928 14900 94431 27361 89001 21214 23953 34957 57526 80546 72680 50300 10270 25659 18072 5691 16673 17041 86879 83103 98783 7210 47824 40015 10177 6749 7764 92311 70754 54782 89829 71696 56571 30912 55005 56002 16079 55764 24760 77549 64857 43517 8101 22524 7073 81769 13386 57611 14730 41411 99422 5515 91347 33897 7571 7146 6151 65558 64612 51173 94689 96272 91132 4666 62599 36658 28043 73697 44050 2233 89893 43596 17446 29247 30376 96005 23201 18658 64464 31276 51949 50974 27800 41140 50160 85229 46326 13341 86588 2474 95255 63160 1422 72348 51861 19006 19772 73032 37606 48346 67620 97413 37255 37551 95358 62255 67889 7722 61374 85753 70551 86482 84712 99200 91778 32416 25846 410 77445 51951 25313 29276 2885 91940 46564 8098 92735 53150 1936 52483 17938 32290 2261 44919 3739 25745 29092 78044 60733 73799 37831 85755 19904 19768 23721 33843 99911 78140 96752 13416 75026 57847 66208 132 23497 77953 87823 72818 26256 19177 84478 5799 42700 52881 31129 21719 24065 67838 70637 44899 35999 39033 230 93294 44641 90440 62138 5858 28579 79363 96793 16370 46109 97547 36253 91346 4270 53040 80624 89839 20619 42742 60962 90118 63337 35920 68472 97648 63470 96412 5042 28585 4352 93930 58415 18737 3080 9390 51662 36263 6337 24526 47666 71948 46040 53238 68730 46678 35897 34886 34356 70596 91386 51303 9992 60741 43422 90228 92327 60916 45153 51753 17685 54471 44320 3773 42008 72179 20182 9748 87141 45776 91612 32179 50201 53534 57627 39029 81988 64398 26686 63613 78313 76394 46029 67934 63369 50073 40166 91122 99580 16177 15843 67551 78688 8984 82887 16262 62846 29120 80742 88134 23423 90079 44073 38767 33502 32215 27614 3684 95324 93819 31150 48479 79230 20609 74110 52364 71980 23173 1911 95282 27472 63235 12428 20622 97845 26378 30930 99365 27637 60745 93655 68093 23930 40607 72326 84958
628 24
41304 7421 62512 195 75296 41450 11306 71292 86412 76074 2077 84904 61834 21435 24701 46407 98692 28769 20111 36084 39111 26672 5476 90249
261 154
14323 62988 9981 41569 63633 16904 47557 67302 46293 30795 52121 50885 37337 50089 98532 29809 7009 61501 19209 93332 90555 75048 97470 10838 99648 94276 81037 40523 98077 77947 68446 40493 5755 30844 55288 28362 25953 76015 62702 75857 21170 70775 85235 11021 8671 6831 22381 75079 63857 81265 13729 45792 87609 92238 27032 89219 99550 59058 33689 49399 5653 2909 82848 49395 79835 83390 34862 66610 31539 47119 14826 27470 37309 85635 20840 2239 99915 16570 51189 13277 925 3470 85803 56973 20704 69954 7969 86577 48795 50478 21104 96307 74520 64532 69652 13486 15938 37726 20012 27058 11153 64763 65855 25106 64860 50670 67659 94871 32097 53655 92964 97670 51973 67465 28216 32031 30350 75020 62484 39256 9616 34614 31430 25707 67675 18615 55967 41090 58788 56597 33720 65561 12291 53316 35446 95880 65029 46720 45413 75036 67256 61199 34475 18924 54624 35484 20941 83145 45098 97027 79277 62428 93370 6465
31 279
43896 78880 15108 94972 4283 60450 12338 28241 57461 68992 20095 57146 93158 95144 77824 32645 23144 39668 98858 64744 89412 80979 4848 24743 37725 80432 29921 76474 53596 91281 99912 61919 20378 88733 34411 84387 1973 64648 32206 41733 77822 71139 15387 30970 17689 20213 3073 73230 61433 70748 30112 2072 78132 24739 66966 57844 16208 5465 97151 91039 68293 4819 13387 75222 83448 74420 24234 67412 16616 57437 13326 66834 92055 67827 42871 72377 19061 13125 93383 93273 91629 39269 93830 67201 840 76962 7206 64453 63397 4564 14176 96981 54291 98968 37846 45720 64861 32030 61564 16785 45857 4092 44094 94723 37859 73290 8104 5300 98364 70468 98359 12832 72543 65316 21781 60550 68559 79141 32304 23038 40671 50976 97170 77412 23736 12333 20828 37972 63357 18008 18279 23624 62714 56782 51582 59371 15462 38425 12646 55534 3389 11319 89622 35723 70837 93981 23245 61324 58445 30060 69835 75142 5077 66307 78075 62218 35186 96134 84882 14914 9258 12968 81539 38719 77231 20673 53494 9216 27642 95392 98548 44810 74050 29152 92450 24381 52436 7410 51788 6993 75624 48871 66204 49970 28842 79949 36995 30174 2993 96574 2841 14929 45368 85263 11716 91671 41605 62738 67839 12457 50247 5115 9712 97463 14938 9291 54769 71698 22150 35468 59084 54494 88653 64281 61432 55306 72407 30081 65932 38881 9916 88695 83916 27096 80747 46196 86083 69703 667 76059 36745 66236 64162 23347 76002 16212 48614 90333 36762 19875 22459 11884 68764 99194 81649 57379 1673 98493 83268 98443 86881 99349 25149 9338 58127 17427 51736 49181 66133 8279 65967 12027 45582 90116 96263 18863 76004 60629 66865 63499 6819 33381 33008 26400 98496 45106 54174 61237 35343
666 624
5929 62654 13453 27029 10816 28294 36176 95215 1505 51022 33312 15194 11998 16589 33290 34856 31380 91398 7397 44595 43286 21266 93074 83230 3742 81808 54242 87469 51674 67533 74017 78325 76481 70618 96111 17109 61691 28414 64897 96715 28412 99124 77398 89667 89073 90976 38941 36981 65332 89514 11228 69208 66666 32663 31455 4720 65512 55465 13519 36625 57650 5184 39342 20503 55546 68343 46797 95354 40485 79586 78735 99441 11044 30108 69398 43299 34662 51046 86277 48243 2799 22382 8056 19884 23132 61593 28502 50705 89444 73202 38042 48753 85676 80489 92478 74884 420 67995 10524 64757 99798 64820 4660 95821 13990 34244 25340 66507 10894 48278 23253 27877 49626 70342 47362 36957 93913 44767 98679 1306 98949 3029 33390 54472 74203 34081 26395 428 21536 45868 99193 49356 39517 2399 9624 1430 55299 76713 47870 26046 83271 30170 60463 38852 15425 15700 2270 16365 74317 21509 65697 41481 29993 91713 33194 84227 81181 45513 56274 9821 56441 566 55176 29839 26354 72234 89113 31964 59362 56261 24137 84569 25191 33944 10263 83712 12154 28998 49791 55181 37753 20799 87545 3674 4836 74895 41093 13940 86812 47120 51363 37782 52916 60957 44267 47156 93845 76804 32399 821 60787 81780 222 91115 60544 77019 84759 29682 55476 4289 41051 47966 28317 21571 7817 72718 79500 52227 50552 82610 94694 31393 24687 96122 71850 27639 84131 50810 65509 33809 18114 95340 75037 62021 60611 49512 16437 89634 31521 4915 88284 66169 53738 1053 31756 87288 64087 8753 35087 84128 19510 8302 57976 8756 37840 73016 99150 29113 99819 29845 88539 37997 70417 53765 18089 99663 2000 88510 28978 95404 37795 61522 41239 80760 24655 69811 63147 13565 19166 5977 5949 29735 34299 79727 38490 11952 50210 57452 42905 72529 92095 25733 64673 13904 55068 74268 99201 17798 88065 68237 57271 86402 84849 33772 19521 78971 59111 61015 86831 84891 48396 73969 36773 70574 14389 14150 4172 7113 95331 71377 72230 27932 49975 12061 1743 56765 41469 74257 58109 41489 66985 45254 82154 48018 60149 62709 93417 43316 80984 93672 29157 12201 23125 48073 75472 66509 95638 74319 67443 93009 9266 11696 25611 10513 54746 6440 46144 69147 54435 75192 84900 24068 45650 56975 73408 31251 82891 49980 22385 59645 87809 39751 77880 72169 9893 93980 76437 27174 40280 19792 3050 78908 90896 81534 99947 58757 32309 42261 13755 34593 45332 23235 89381 52939 33246 59445 54245 8677 78729 17498 34102 79684 25126 26161 375 65785 20482 55899 5856 68979 99238 7747 65104 9817 10715 36155 96382 28319 94805 27051 92229 63591 27232 36644 15699 23574 85679 30827 8538 75260 14382 2464 69491 11694 99346 60644 95533 90692 96324 35792 269 29440 13950 88716 95159 49564 49410 3382 43246 40803 81632 50734 82251 2304 54797 88159 5040 536 20746 81841 91012 24436 13233 91401 35965 38246 39064 6909 77489 4907 34222 38505 54481 34677 20556 51781 94791 75685 20074 35077 29116 87944 72044 30023 44672 36054 32472 40285 54500 9056 40208 87657 96835 15866 56080 47961 30893 15959 46533 53622 93909 7484 87670 70107 7292 257 53000 99077 90917 37957 20934 1100 27560 45828 96159 99449 21358 80639 84442 27067 42853 38544 85731 65922 73079 82306 18393 46982 15314 73036 60936 21207 87191 79084 31859 3491 8862 24674 24518 30581 51074 38199 79439 90858 86633 61989 92424 64405 20880 30646 48750 30260 46108 59435 8540 44004 41736 1944 89883 66530 45317 28276 22132 39614 11365 55785 68277 37821 75938 93129 12035 56206 65464 55747 13438 16210 66149 79361 40933 81429 87188 32490 92098 15171 29741 82117 52820 34961 14521 6052 9014 89590 2889 71411 70055 59471 62423 21403 32086 21572 92432 61539 65775 22492 18885 75197 22542 92690 62257 58781 35547 46369 60204 13452 45922 99247 26143 3195 35607 91727 84378 78562 688 14911
247 242
37909 95500 79457 20787 88226 38159 1384 70382 39952 46276 25235 34092 20741 22176 56286 26137 37165 4412 65950 69548 86962 39421 50743 39204 80935 19161 99985 28009 68275 34259 302 91468 61556 815 58738 61827 63292 45714 15118 67032 54123 96541 14447 42805 86950 62713 67603 43654 60012 5875 71494 48029 28519 38201 81081 42475 52535 8597 8576 27050 3305 33871 5372 91819 78734 77581 19399 6149 91362 90566 54144 84388 80824 54973 25232 41616 47968 27107 59772 55300 69260 31733 7127 2783 19458 96077 8567 69033 92882 86347 70328 46717 41824 18729 44607 64668 90823 51417 81902 18815 99139 54381 88865 25068 57628 70370 17817 62659 54387 59828 14647 48023 21304 40913 56536 84174 61103 77547 82579 3750 33422 84497 7017 52806 39128 32431 23214 62240 25966 89797 51145 36564 7212 25440 72690 42214 90324 51349 44359 58993 38304 30317 92563 38948 73488 75103 73490 25173 21947 95742 34474 96904 76569 25874 10418 62178 28673 19004 83466 17221 95328 36574 28050 48353 1499 17615 21281 39403 55451 69381 31024 37784 15803 55420 64826 41858 8015 38252 27410 12823 54086 31926 78817 61950 98139 40206 10567 25132 60597 65517 77831 33659 18703 72824 65095 93517 78785 46935 20236 82294 90272 78211 62942 46338 58844 53179 56814 4121 41484 8319 25444 71517 88748 9684 51989 95838 18458 22237 12310 97344 53575 69790 37740 91412 9032 15520 18214 3619 81041 42658 73243 7608 97409 83131 22133 44660 70526 88256 62403 98462 59424 76900
470 322
45890 97016 14963 91342 23795 6059 21202 64986 28110 27851 7984 61404 44639 32803 22317 72843 10103 99692 29679 94367 36420 2489 96977 66947 67872 81322 17156 99797 96922 59020 44864 66818 53014 72456 87555 6486 46598 83031 7944 11121 39940 69899 40824 25731 60192 24321 17752 63685 82041 22299 43312 78995 76238 48393 26406 61197 4739 81370 68060 34015 5407 79670 75447 3218 44759 62494 64823 30178 72365 53114 29888 68051 13620 66105 5681 20649 48680 8972 58266 21791 90417 3151 37406 27173 27838 88626 86202 29591 44017 29043 52660 34538 37951 63672 2902 82703 31480 1294 36739 39516 10399 70961 15562 42094 96202 64339 2116 2771 93021 3057 85623 40887 4833 63651 97139 64218 3420 79091 1330 84083 71089 12208 13536 3173 40699 96495 38690 31855 86860 10861 71556 15986 26547 71399 19637 39779 29798 33382 583 46961 47336 29923 62538 80138 73491 34569 97609 24412 90154 20243 97134 12856 33774 14251 4724 20792 92276 40558 1793 40562 82466 63356 94439 99491 29387 99033 79137 86639 2396 25638 86355 30532 86652 67820 24114 33447 65502 90017 7801 58671 79942 39888 77467 55707 35530 88992 99974 67003 71592 45637 99606 81443 56875 52941 78519 55339 22483 99570 44708 49150 4153 41456 71423 57057 32433 66900 35390 55943 29624 50898 66065 76388 18965 31532 18724 87378 22387 98460 94501 93478 42344 11143 71403 51742 55796 40972 56610 8326 9523 69519 73747 88245 29849 5216 50 49700 10089 24654 45501 31256 97813 90781 73642 10577 93677 82173 69477 28847 33644 61768 56759 91405 69337 80104 17566 76275 63947 96733 91640 11218 49371 69768 12521 27285 60510 65173 76287 26832 7711 23422 13926 72981 32974 61153 57318 95953 80759 61464 55354 99169 3005 47552 21713 90384 74937 86441 99966 70169 43829 21715 87290 63017 89366 65258 2952 47524 78467 84852 87750 33288 99839 72165 34097 75290 15692 46392 4495 71466 44547 297 10973 68845 23713 64898 43179 99790 68976 47314 94991 11719 46062 27104
742 567
5750 78988 23785 64501 18857 42808 75270 485 6505 75157 32927 26164 98459 26472 81417 69702 28709 23803 52396 9831 2146 90071 36383 94525 25394 23051 59739 6699 47295 44296 499 75666 29074 55193 80113 16252 45640 29835 99453 34846 88465 49660 40648 19803 12084 19690 27191 56705 75775 57311 42868 59962 65171 17539 62753 93197 20845 8476 46494 8431 39596 14317 66656 72491 35354 902 95647 59863 22227 50646 57144 24193 85736 48095 95081 56338 74777 32071 57566 79311 35324 70164 51552 94012 52549 16425 24271 71775 58158 17218 62523 20183 9856 75832 61710 48908 30526 40201 58355 85459 43166 26429 22785 52283 30971 14782 81390 10310 9003 67878 85305 14818 66407 78932 77892 82740 61525 12890 17694 40878 39794 25461 18588 95279 78367 36005 43597 26973 42430 21914 47576 10302 63340 22725 63206 55790 40900 54095 83994 97187 46527 42668 77501 48985 8460 68608 15101 61288 42473 70357 8024 91416 35788 54208 8403 99746 4011 55844 65312 47588 52410 8114 73280 58409 69014 40832 12581 62704 52630 19863 37093 95456 63658 65140 85944 8188 22345 20367 37269 33287 35373 14230 12407 45063 57535 59994 2006 58308 19568 8505 51183 74417 43229 2982 10119 64816 80929 27890 37026 83603 94574 13191 9945 37008 77230 6382 11608 52593 13409 5565 75680 3116 43383 76245 50126 54867 71838 44217 51012 60494 68823 94081 30246 98334 38411 70391 61840 88801 90739 89447 94845 58363 43354 29097 33153 97623 35245 33601 59601 9686 39563 13837 70760 19533 69614 24269 41313 11438 69673 87474 1525 35276 99064 36103 76998 89430 5036 66523 61177 21472 7463 26078 50984 49715 46437 35415 90869 14494 90602 19905 40721 62886 46793 4462 57017 73947 40642 76150 72320 35058 38628 95116 89131 72700 38561 9729 54657 85904 72131 92490 27707 3481 10362 34260 267 71754 86972 87117 52810 70796 47542 19800 84887 3451 62579 64427 66498 59482 49721 60754 42404 80763 96649 75954 85008 31474 49847 12269 62055 72220 33600 83745 32123 28076 93026 58551 54024 78450 32160 21071 28735 4068 56242 74785 4104 73188 69733 6691 3817 69220 87738 74595 65164 11979 70680 20943 70976 3245 55592 41277 25291 68147 27435 8338 92670 83331 55515 77408 73831 83865 66182 5127 49491 55855 92796 45802 79055 46448 30910 22241 2997 61233 62041 21829 33926 99008 4953 32211 61332 44883 47087 23898 72725 55894 48188 36573 82951 2914 72141 72586 12528 59784 7387 55123 92476 37710 34211 26548 28103 52705 66140 1982 7138 87099 64580 57573 78023 60088 85137 24078 38963 90432 50393 76915 59021 82744 39425 18293 93901 972 46263 53589 48659 80183 44463 95550 59052 56743 46493 13997 37230 74169 3166 45992 69885 278 2920 13220 91649 22995 81134 27511 95369 68002 91569 33855 8172 87101 85547 93663 93467 655 14029 15305 67821 40419 47377 91545 16503 10899 33517 74122 74653 75324 1557 91393 90173 9393 14288 6583 80440 23304 18355 61560 50296 30211 5185 28791 18005 99545 84154 33177 21458 16714 90030 10038 87865 32838 48120 87553 52357 39301 86838 43842 81599 63987 97546 80003 94553 15932 88347 36484 69215 63864 37248 23015 91134 53092 43227 96671 30200 55471 18362 33352 69858 17181 94590 25700 2515 35268 69492 8039 71639 5460 41903 73990 25265 47580 45624 40028 76132 93387 57845 56057 6490 84072 3438 20199 96573 21973 33217 89044 73014 70244 77404 58341 24869 62336 61409 97338 77045 51954 28518 18603 78910 39604 71963 83686 97877 10900 86193 73851 82567 44191 71348 96595 21779
996 653
41697 34939 51613 85982 85832 55309 15988 77280 82912 79461 31165 73323 36708 28370 7868 29344 50374 4725 17274 27272 8270 43568 59914 40856 7449 27231 30658 1173 74219 83317 61089 51112 95816 17096 86744 83513 19491 74934 53512 66894 45546 48052 52135 51812 29555 94589 39001 21047 73487 36481 34 11866 96465 65716 31795 58975 92565 45774 35266 89534 93880 96826 64367 47859 48275 56565 52814 20722 47138 50531 95836 18402 17298 72047 18032 73326 60379 17133 68114 88648 81629 69923 84598 58575 56368 34859 47154 70440 68897 16874 85318 62279 7783 62102 58174 78980 64322 93733 22383 79591 59334 11071 64557 67434 44426 42530 28856 39353 24285 17728 98616 85882 18776 42827 50817 28960 91070 32731 70581 52329 43222 33410 86274 46330 79617 38245 99712 79516 71930 47851 10618 2093 63934 63838 35218 90838 11096 60483 24044 7419 64230 40361 81075 64635 73289 4064 62556 43782 60564 38675 57427 42334 84115 22435 28607 58725 94098 47517 62855 68875 14841 11798 59094 38627 95864 85466 5559 69546 96114 40012 63681 94278 36592 21149 24588 23071 68677 25093 41023 76858 86648 97915 77127 35879 96183 94324 45014 32578 19314 18126 8764 25297 95435 49959 49977 33254 97284 99171 14568 46211 96271 52382 69729 22002 78766 4609 25138 47231 7099 54171 85675 31976 88262 5406 34603 49219 33139 10813 29282 37754 93206 95603 76723 10145 81107 95270 18103 92464 43946 55458 35635 80828 10458 77094 45897 27010 19351 30754 4649 48102 90443 33988 24264 4173 81712 6320 41640 37157 25031 16395 80452 87612 75190 59411 59541 55443 65536 91189 16897 70784 14667 25273 59849 6836 53602 61396 48946 23129 68028 97963 50612 33749 51532 55 35305 70415 78466 19310 3579 31880 6164 72018 49761 60925 1908 33523 38189 76443 34633 93423 64048 60046 69642 74189 66674 72404 86539 54651 20115 15909 90651 51240 8946 18516 79254 66795 58141 47049 48419 67209 37313 62421 43251 75293 43105 84030 16074 7674 92018 31676 25560 49130 27861 58467 46336 53767 78235 24950 13197 19295 65183 3700 43473 45258 85525 12502 43536 55156 77491 16102 98067 93102 68509 56563 67454 78164 12584 61314 11093 62203 70446 15127 56337 92125 38865 98002 98071 59243 86129 17540 95301 76505 71884 22653 29208 93497 52499 46402 91051 91596 30683 97212 9475 42728 20056 35829 39914 65544 44631 41670 94493 81454 72655 71264 34267 7703 48593 1530 77897 63570 3916 51101 49710 58148 82588 53715 22326 71384 84340 85007 29552 99120 79330 53302 83202 60069 89526 80969 38962 43002 94513 72344 69664 79609 67830 26217 41872 21200 82332 78346 3536 26735 42088 89500 12908 67822 93215 91361 61021 22739 4233 45724 9642 18690 22708 76784 60127 79048 56110 48678 10656 49790 18542 67370 96406 59896 43996 63436 1334 7590 9232 37996 27793 15486 40611 67143 64374 35794 95724 13775 36552 59802 25433 30736 81478 4390 61805 13449 73061 57300 99506 43730 95524 19013 5280 40127 21591 47264 40798 7594 40457 97970 79232 43565 54793 10920 89714 67175 68888 87619 71491 42317 69393 51407 32707 48748 23439 27623 85714 30879 47617 52294 66033 68362 25114 90722 86981 6112 86490 83339 77300 45957 61930 64212 74915 91730 49282 6216 29213 73745 72039 86079 13836 71424 20307 33484 78878 86267 88857 20826 85199 70570 32414 51200 13644 28075 33135 3787 50052 35348 91368 60016 4189 78192 33023 89378 66554 47293 51867 71439 36870 19653 37129 18900 72964 32640 71149 88324 86546 59154 39049 57312 55496 67089 42085 36147 84061 85670 66986 62028 7589 99262 93005 90753 99730 65885 22051 54757 17748 10897 37822 65604 44703 1228 72626 4882 63415 58250 15637 86374 74386 53516 40259 1753 11458 18004 29674 65751 66832 84148 71895 68211 78256 57431 22118 63213 53380 79303 48811 50692 98570 52747 45278 48746 59461 34490 21038 10632 13384 3038 17582 77279 7394 63729 35611 12978 43253 91981 7909 52556 7660 88285 98678 91455 70877 94633 13625 79989 74994 30833 61504 44291 97359 8456 24782 54102 81083 94575 23160 3206 93884 5487 88385
41 68
24577 75919 84262 25002 79549 39609 49284 31179 65569 87832 89237 20760 26427 92034 61726 81140 91967 70242 37692 79633 48492 71999 51066 98108 26549 9648 39497 28616 10454 71224 4956 40320 69993 41375 35740 44651 64491 82736 44259 71858 43864 57011 26098 81650 43088 13394 64792 20747 86281 95007 75426 30173 32398 84258 5609 39125 24937 88888 15308 36198 94789 2840 45707 89020 59806 5620 37883 7765
226 307
24124 2928 88325 13511 72316 76774 66991 69216 42193 90350 55428 48087 64847 45565 31763 22209 28237 25876 13991 11019 42814 87527 29345 27933 18452 92879 80982 7176 92150 48755 75297 35914 78000 5016 98445 84874 93921 9292 32130 13462 6957 44332 93311 41088 67331 74862 71284 72973 7979 46589 14876 15836 10558 51849 42354 59573 3133 13695 43440 39634 60533 58065 6624 42481 923 87057 57211 42472 56744 96442 25176 48473 90960 51724 30373 18259 77872 89277 45145 58348 2595 66604 70921 11904 68747 77532 64185 64549 99000 43135 16917 63961 33546 53908 96443 19854 65017 61107 97651 84229 61365 61053 65113 80165 26435 5345 10329 10738 77595 57029 74589 30546 71720 79618 11858 55842 91574 10376 10843 33366 83451 76080 5938 45977 62630 42386 76553 31458 12094 84572 70219 70235 33244 60955 83554 34491 5933 24542 44713 65319 34629 3894 24996 57830 20025 88636 27203 39670 5974 27814 30472 43011 57287 88030 93565 6041 33842 44748 93630 14151 63007 47070 45665 50744 84633 18802 58547 18651 64017 8132 67936 47191 99413 66119 61581 14570 31335 99547 79371 92081 75675 91691 62614 13351 85631 5235 85191 50095 72416 46729 57018 74078 24021 24474 36962 88916 12060 23902 46835 16717 38065 80286 96240 62352 35011 37960 61495 31838 57171 5978 59790 43545 95027 3967 24919 90572 93384 21543 53772 63972 8688 13131 53339 76397 32349 42131 70918 14338 54631 57048 49481 38634 14560 61734 96074 23115 60723 41114 27337 65920 53388 42325 96606 20396 4832 37544 53394 89795 95784 83178 64888 92140 55862 81669 83545 74064 27785 36 65726 62509 4391 78585 20643 77086 86535 42711 24424 25718 39519 9412 18789 90252 48436 16363 70865 97906 27420 39020 7684 68373 26977 52418 49619 16857 91217 39160 74157 12262 71510 63437 94112 72390 58226 53919 65490 48328 88032 39722 75500 72773 84722 54093 65428 45352 49258 51749 9580
92 34
21223 82407 15389 92141 6485 62057 92803 49823 39904 52765 12694 83347 50908 65297 17756 39226 94908 42785 83909 25835 4816 33895 1850 71251 5361 14002 23437 84279 27004 31832 66147 61660 91348 57228
861 341
11293 94656 72688 43124 64160 67118 16204 10945 24103 9894 69532 37436 33467 19361 65497 24024 42340 89065 56127 13659 33473 99438 86895 38107 68892 33992 66224 54180 92297 6487 75110 74528 49848 35503 15195 13141 15924 49821 45549 80991 15899 58515 37088 6506 4332 57840 77057 61788 93590 75485 57690 49027 18352 87366 56205 22453 31817 95299 14374 96055 3463 93376 25710 10596 6528 12110 9267 52435 31725 37902 20929 88875 87957 82979 89478 33272 95452 56830 4370 11536 45331 26037 67054 63115 32110 68598 53167 3762 93727 57061 26954 20136 40658 38326 12999 69817 27025 97215 20273 34204 64210 13365 91460 14074 89813 44938 69750 58693 27153 99709 89218 55368 9160 27331 54045 87192 18772 46188 56692 47484 59528 19665 42165 61044 37599 4965 14305 69541 45669 83950 49401 25135 95903 14981 8562 33733 22347 28136 79594 97088 30098 90282 4740 68557 5336 17263 80598 89466 42844 46552 27397 50265 47470 63935 47669 11102 4219 16701 40739 96994 30006 53191 83649 29512 49609 34656 45119 23940 3009 26080 41542 55372 30878 11865 60961 31304 36309 24426 91490 29137 80924 39855 20104 54112 31564 37002 21600 39248 11601 4287 58130 82804 48778 37936 70536 55597 29739 67537 78686 51642 77091 25048 50601 48439 35070 3574 40209 59660 28346 78631 23763 1804 39156 6876 25541 99874 48459 11826 11633 61630 11647 49476 97896 82835 51919 67430 17641 54751 83289 85324 86975 85255 16193 14253 88044 250 25348 11346 64012 2678 6255 3154 23061 77698 51887 77359 7906 44573 25079 46104 18212 13577 80519 55868 39193 24948 65172 93472 99857 49152 31636 88990 40130 50514 63500 76856 92085 88386 37283 65934 64511 25502 79321 29901 53965 86888 26235 3848 29520 72335 26380 10617 44333 78449 93717 66264 68001 54622 13665 80329 94310 56278 81346 773 6175 3939 11594 1278 3069 52368 45154 57786 78640 48591 26138 65279 42750 39201 74320 21747 17696 22577 15145 50394 51760 22625 99114 39540 1895 56151 67093 80085 46831 63122 63379 29343 61597 21407 49558 19217 20210 69364 61678 53983 11158 20530 83899 90278 22282 37454 907
434 903
10138 80399 72669 87781 92541 72766 4465 67993 42983 97646 36410 81814 60565 39404 12665 37926 21137 27084 93712 50016 59574 8095 56729 17223 5346 25919 13242 75019 12554 35214 29484 41498 43878 60684 40691 1351 59248 26763 97068 26699 59356 23530 6803 12063 81317 32540 27461 72747 51988 17667 86353 49443 16020 45414 57572 64997 94638 44709 46189 43360 12366 73286 68563 20774 92915 85544 550 31245 38702 99924 16715 91203 82823 78570 30437 44879 11988 37762 20635 39896 87255 93274 25944 23969 74507 57857 91298 24101 4890 34911 54535 72662 90349 20134 58967 70862 60475 60211 76381 76334 52843 73658 73352 48455 52439 62985 68266 6666 80173 34309 13847 61758 11653 9818 57074 878 91511 16479 65864 37286 76409 84552 19486 81163 90991 2126 16475 73475 68572 24260 21773 95293 37164 96486 10952 29468 14249 22509 34658 34823 89438 93810 14068 626 41154 34056 31467 95269 90581 1379 93519 94287 81464 24824 78071 75313 12993 7326 26473 30964 32778 37533 45962 42206 76341 79776 87574 94228 42063 79709 16670 44743 91358 80166 13112 64553 63530 87304 39734 96167 93946 94323 94794 45170 25633 48010 68935 86318 21446 17332 25840 48378 15352 91633 46529 1225 5090 27999 32658 54134 80389 72215 97722 6441 58071 20003 11980 39556 19150 47611 13520 48759 15006 14418 33451 84618 46450 20221 38108 98246 21777 97759 3668 461 66079 76196 71846 7819 49095 41413 65019 96593 96955 90885 97302 13842 14221 87998 97420 56840 99813 43220 66292 19804 46900 40194 86934 17679 43006 15114 21293 83076 70021 76386 50409 28219 8167 41327 45777 67810 12129 69822 17428 25986 12648 36545 32239 2188 45633 733 13839 83166 51496 96287 53712 43330 98998 24952 96978 88135 39860 5963 44740 17424 66976 8462 21902 45491 2207 81458 76050 56047 69138 12880 96162 35441 35083 46078 77946 34719 55749 34934 89908 1821 54060 79799 53170 91659 9418 54556 43260 92866 65615 30512 49100 88093 6647 84462 52993 20766 36363 3339 28717 54591 82470 90856 22520 79474 37796 18243 4659 88820 73217 24659 58706 45369 35313 17663 49576 49313 11348 97604 31934 50058 41740 57747 94730 70316 99836 28695 75757 44970 65431 16955 15547 21675 84886 71892 50384 3321 91022 85370 38761 27099 13041 45942 73732 27412 87651 36886 82013 44385 43255 53183 30224 93304 2424 1854 28030 83284 26600 30594 19679 15859 54991 58523 23168 74001 96466 42877 52868 22246 28719 97733 20412 73545 36581 15993 42777 56121 51374 48301 37901 64720 5116 44953 31752 17920 64738 76078 98623 62794 55633 61372 69856 94907 15702 86597 50602 61068 27708 92842 41069 13555 73157 79915 34787 92030 8070 17927 45796 9530 99272 68756 66925 35969 83537 84324 2325 15074 17150 67452 79456 18110 58092 56207 81509 16959 38582 52118 24633 97737 86444 99460 23334 92832 24578 3661 54217 59437 38407 10628 90367 98732 24855 29991 97964 17159 55219 8938 32200 3168 13810 77031 86124 59637 53659 9513 61512 5088 92139 42269 31468 81626 98053 55881 91403 84479 6331 87153 38118 44467 84870 82090 97643 93953 47030 26157 24505 90928 70890 87685 77485 67624 99356 552 80461 42490 3731 18019 71459 23676 57297 78577 57474 70990 23029 65036 67705 7411 94237 38594 75615 95179 4454 6851 25158 54037 90380 94948 83609 83386 54333 89853 74675 41287 56375 10062 62161 14103 52914 21566 95247 41563 78746 67150 29743 15190 61574 62364 25397 4422 59039 90353 74085 43814 99769 45410 30966 53588 31850 56601 76913 50729 84054 33371 31166 37110 8356 81577 7358 91199 71900 92572 2735 87561 13722 28737 32218 48548 57190 74521 98520 1851 46599 8275 2139 51327 63592 80463 83993 34771 11970 75372 16836 27881 99482 79523 23106 83411 79958 87009 93214 75619 30764 87314 78116 53940 14330 50950 81638 86251 17112 14299 33067 94434 33607 39085 99887 97758 80255 37882 53370 45805 53922 92870 76799 71655 80803 57593 77865 54918 17325 89173 92465 85864 46225 22273 88323 34053 23379 13772 62361 26593 90382 25506 89665 87540 78966 10178 94620 34237 18172 86356 7913 5007 71635 98038 62981 59392 87051 75867 9070 35154 31202 98257 51353 28161 18323 36631 56980 36875 45441 67267 21321 74299 25285 12825 27106 4561 32186 60952 19355 73384 71552 12423 46047 64976 88963 21217 51491 61767 48615 68943 18602 38452 10071 63385 63082 59941 14999 78092 442 60511 37420 20278 8994 29307 58589 2440 88022 7937 75628 92603 58783 1459 61530 5588 57831 41347 27621 3861 94992 75713 49612 20816 27667 59696 34688 6954 24428 97266 86697 6530 39905 19901 56287 64269 41762 25151 2780 70891 91493 34114 12281 33939 62250 34047 23843 64600 96345 23491 84843 14436 51685 92193 12039 67039 50712 94643 70985 67996 92248 17998 46844 83087 8646 30103 42016 35801 92411 65098 49193 54161 57822 9135 39522 79534 69785 37335 60438 14756 3852 63432 94308 84402 89470 11407 61494 37923 40416 303 96002 58330 59100 86135 53867 46143 3687 83929 86462 19709 38834 67230 37060 11222 58856 3289 67740 50087 39863 49302 51431 21745 88426 62042 2631 3448 26516 23967 1094 55233 1642 33253 31309 66939 26866 90671 11239 62046 67678 38616 97898 76331 23521 41509 21040 1702 67719 25975 42118 15218 95683 79810 15003 46111 18509 91817 252 60717 52446 12284 67247 68594 315 89263 38878 33359 55498 94249 28484 24467 48015 30671 42928 92632 74275 16681 95059 19210 28624 4617 70293 55787 61229 75909 26302 79910 80877 22756 63399 81936 90337 16039 49257 89250 90819 74254 82972 87982 88168 68508 54879 15715 60076 15388 90594 83009 94354 69643 18420 55933 63982
353 280
19633 81645 59347 39723 20866 98164 62519 10423 93755 1964 83160 41295 85965 51302 34515 75136 51064 55259 53259 65501 54158 35282 20903 62647 85602 25389 85812 89309 89340 13668 74303 11624 68798 65541 73808 58394 95926 17844 7467 94030 35001 63095 3183 69453 14890 66040 28672 25970 36792 4043 35599 36460 56449 17013 32135 8820 72868 59118 52695 55745 77330 71924 87713 57807 26590 96910 59698 39793 80761 65828 50290 23355 29519 3827 86182 10986 52685 73949 88292 77307 27065 33208 76309 12473 34430 41307 56098 33515 154 6829 30574 69096 73049 27752 49652 17390 86185 18717 23293 23317 12206 37745 51765 35150 73537 50668 48945 7416 77006 54648 27562 10955 64556 35388 20889 33499 11295 91763 66686 27124 18128 24091 9385 23433 13001 6750 92492 28248 47141 90827 31736 95945 27831 48598 69183 95951 85571 62043 92237 55320 58926 89789 51289 54969 59564 41905 9672 14708 93786 86729 10240 42178 28961 80821 83165 22716 56196 54338 81708 55321 26587 75589 57051 57262 72090 33850 91209 73425 92594 20085 76992 39714 21657 96695 4371 20602 59596 60499 33160 18627 10798 90635 90831 18165 28208 78263 23312 59490 33950 78681 33384 13205 8851 73700 96767 42525 92865 21470 98185 39595 86188 16757 90399 96344 88021 61336 87544 52503 87554 76550 73347 27826 82217 10821 53389 48355 3064 86413 62335 23080 78901 55131 28986 50065 51343 88756 47301 53865 69709 64927 68701 53342 77951 65371 68276 53791 61341 99089 47642 59949 73018 78326 52492 48691 85995 75712 78351 56746 32867 56673 32760 79668 87328 74819 7716 65624 28436 25781 23683 17897 92383 81900 64492 87548 7207 90834 41608 21879 21653 58709 22674 91003 44755 21683 1668 75831 50172 79249 26162 70227
287 158
55543 45788 77922 45968 23727 70709 29597 41916 41268 98526 85783 37452 8008 39010 24432 17174 39117 96943 75360 62117 32988 43785 1009 10236 72011 55134 47021 46675 53530 45712 18581 65462 32397 38658 43526 64663 20135 27389 53913 404 99760 52154 78433 94941 48013 28947 12604 83291 30562 74513 53116 67967 76442 91900 99468 39026 9076 49562 16276 83110 65283 6939 62664 64273 47019 12241 12745 29838 83203 79448 83956 29831 49061 98323 49385 45419 85954 15649 27473 73564 89488 72192 97557 86459 45536 84825 43474 73621 57540 52848 9965 97529 53044 81634 68065 33655 62406 93572 13247 66969 36881 42522 13852 26629 88198 13107 84382 16048 79574 18616 93325 89864 25337 6755 45401 92277 37025 7926 87293 23075 59372 53164 3144 66163 45312 27209 89127 15777 74733 7472 94809 32526 34710 79241 80781 87116 69041 95932 34122 40683 70236 71578 97528 64936 29027 74201 33884 53749 80567 24774 95022 28102 15381 77821 65996 26991 55734 36940
693 556
32545 39419 98717 65206 76591 94133 75524 91752 94293 69566 90395 41211 4146 42772 3 71828 19985 2895 69180 61723 4787 5787 8475 63800 29034 10053 97795 237 31070 50351 85744 89259 32648 86304 83977 92529 15970 27644 76155 21524 42029 52773 2341 86774 17874 72961 99001 54087 82295 60327 89680 36375 30792 58046 33369 39014 80884 98553 77930 77227 31288 72888 58761 19076 2674 87611 5360 83826 92363 63543 2794 48721 15291 41661 62891 22021 2650 35033 42861 89511 25527 93992 67188 74306 56918 76728 44181 23537 448 1246 11189 92811 67337 60517 19382 22659 43615 13538 87953 22712 24911 56867 49138 93705 12401 11180 2482 5248 58416 41265 58080 68938 72858 23668 55158 67027 81962 38934 98906 14731 22224 45693 74403 20757 6518 93822 10224 85915 52137 11211 36720 21749 55596 91232 67100 78385 79856 96585 50718 65942 85163 98041 95108 39953 70029 19835 89817 22073 98012 66184 69485 26917 68084 92142 14264 9009 14023 10575 59026 32098 81157 71761 54616 48924 37323 3775 97329 85955 86853 68154 30907 87962 42161 2619 30474 49179 49392 15082 45538 26010 5134 12319 71703 91391 72433 84646 44947 10684 52255 13709 66330 60175 30026 25364 94205 93758 86424 14217 72737 74155 45829 55177 26939 24454 10318 34439 46265 23528 60953 88959 75027 88868 71702 17224 78753 56789 76587 1547 45726 5542 67797 67235 22335 13155 44381 87343 81102 87503 26980 83019 43380 90427 78193 15588 75126 24595 78436 66064 77345 14419 46750 40387 5685 87370 82577 4160 34691 57813 98088 52832 84446 92064 18669 20687 36534 34073 15335 57766 29783 3486 59373 45681 39065 55327 29066 98654 99440 76089 37545 52409 33616 50122 22886 33305 89039 77621 47203 98225 21390 71811 8073 69646 28242 89166 90940 42924 59543 52336 96713 72509 65523 83094 2017 96773 95614 14764 52950 74536 64814 51340 24881 99576 60467 31507 36607 26042 71666 12187 41732 28459 24630 84380 53365 95671 35326 55975 58524 95531 94630 39916 19577 77815 90598 19258 76111 45657 58970 7289 84930 47805 1501 59748 25852 83596 45493 92777 55901 41089 80054 27815 82260 65477 13686 15185 87679 79860 68318 67251 88479 90503 42767 2839 72048 80026 96339 39625 66045 23252 85658 81012 99984 93094 58633 34453 64993 54816 21965 4627 85916 2962 55840 1205 44480 14183 91042 82618 3103 83832 57020 9647 63193 20824 43430 50899 65521 15965 36504 91509 16018 4943 96462 10722 44985 14917 63517 71757 60682 34799 17600 9606 30820 69547 4712 80059 12018 39707 8238 22705 62239 37676 70560 54610 59291 64113 8736 91289 53292 73636 54779 50372 83731 64537 73010 2945 12266 82690 86130 29365 21765 84807 97042 49212 65296 70576 72070 45873 91882 76471 59833 69062 80021 74224 67352 57948 55863 3426 36785 8897 6571 63010 8933 90874 56250 17455 41444 77546 90534 96365 61414 7741 69577 30684 53218 93057 73751 11274 18992 62231 54329 41451 93855 50769 52931 75338 21018 51559 84453 70525 72987 94340 92531 65941 47074 5604 81720 38194 20907 10348 71076 60732 72546 85188 67840 89362 82363 45914 82467 97872 77294 88038 12625 88155 2796 31854 81746 96004 41753 43868 22337 24064 7759 72883 60516 86937 19289 91756 26257 94565 14003 50796 6590 93993 60186 15650 79009 41106 279 40014 64558 68415 51237 16457 66512 20583 72881 17982 78558 30803 15269 65292 2504 3185 16791 34750 29280 36752 34125 7428 67939 20791 73181 48289 69297 569 82513 2332
284 735
78299 28126 15799 5320 99738 82168 82789 45583 92148 29536 68162 50150 57255 80409 6119 35903 25479 3501 62051 67975 15064 92924 66120 41412 16124 50775 13320 51801 94362 73709 3821 82741 41609 64441 65326 58136 65413 46131 9482 398 24524 12088 42001 2532 19528 99307 56298 31227 95252 89196 73668 80421 39265 31270 4593 30756 81972 60195 67319 9870 69339 37630 27768 66508 38866 14355 54582 47935 56575 20452 20242 34342 83540 88579 44590 74170 9915 99457 97345 58222 81293 67585 32108 41695 61120 19987 68857 95944 2518 33862 88825 42030 95405 67713 62225 3004 27034 73275 76180 41595 59850 12277 54541 76961 26011 54069 42988 95616 76207 1924 37826 43491 54280 80445 94329 92617 38410 53310 19470 83223 13925 29969 6857 67178 91234 80805 12677 33141 12635 92639 49979 49601 75386 38895 39215 72592 25739 34238 21967 68330 24744 58873 56522 84728 30468 47200 56464 52577 87386 33360 77835 73633 52296 2361 63217 6768 46522 8418 46651 17933 29796 4721 44693 60160 82766 17727 34612 79745 63448 19524 94890 69722 38668 83056 78728 96487 89660 90880 53490 86505 94861 55460 87384 7671 82086 93848 30821 28279 79114 31837 9667 62781 57089 94724 13641 64722 53205 66403 80721 34461 66436 33072 95515 77752 10189 73240 4494 51220 27172 56605 71467 74854 47326 29195 16498 84204 8785 47838 1901 96527 33811 69438 60337 15035 59261 24884 83024 29323 79183 88368 27024 11149 2860 47985 40322 17684 51475 2635 4996 96890 67324 4264 34631 44936 99675 89920 62608 99185 85257 1757 78328 29768 60102 80732 69031 95318 82095 31358 62715 70065 51251 16560 51325 15379 92448 48500 16658 41039 658 39306 63363 49854 1849 41673 10066 42477 35109 90731 7859 65629 87959 23292 98928 82556 47184 16359 53166 84938 38402 85968 59302 58208 22717 50385 53901 80515 30625 48161 91743 25821 34990 85771 55263 76230 41274 85288 49310 83958 49913 67177 90241 66668 74376 43561 65348 36292 95314 32796 94647 4179 92403 46768 62969 12200 2733 34155 12392 4201 52030 72515 99170 80018 99038 75686 32940 45298 22193 70309 1208 11217 82796 38492 92880 84660 6772 82486 95842 98748 73380 87267 34252 39397 69304 96581 60401 6328 52774 11924 17879 57178 67825 15264 42558 40967 44325 30222 87349 72260 92643 14229 72101 30117 14342 26433 9596 58644 172 17050 592 30693 87024 15252 34297 17368 14791 41458 46117 57404 60181 40526 63478 33034 14036 43850 78428 70191 16783 89978 42228 18248 96192 9877 99800 79590 94215 15599 66299 79357 13263 47667 90022 16974 44074 13774 27951 61412 64639 68417 37645 10246 18084 30635 67930 36758 7675 23305 46312 46286 28201 29414 70380 11994 6893 75598 16466 53204 53397 35288 32411 12371 74495 61284 17508 77688 30341 17974 56284 85855 27853 80516 50434 60457 19308 95329 86285 20745 93248 87216 29595 40543 78365 6444 39222 67249 27248 80659 95186 42137 84736 95389 77071 93991 69605 63439 15880 99567 77126 4174 50061 96642 99190 98097 53371 98346 48936 96683 60956 89079 50932 40744 28344 6742 10197 68963 26876 36828 75799 89956 8037 15493 39518 84547 76293 48892 44762 97690 98188 65520 48181 55083 82757 24222 67608 14621 91278 50046 13544 11687 57664 30543 35583 35970 56606 81775 82661 15505 1229 69429 3769 56324 9717 98576 44504 46693 95834 22291 95510 12753 68395 50209 27969 17195 75542 18556 87842 53231 5987 23193 12579 54892 83025 57309 50505 82415 38474 48138 49600 69299 77163 55805 23704 40218 8701 22177 46914 50406 2119 68061 79495 8297 71454 96165 86547 734 96584 82930 59728 72250 34571 3761 2989 50411 6279 50551 44571 79415 57298 94834 9239 60360 53209 88061 85006 9634 7407 48569 28051 36391 57504 41566 62221 99745 98947 70973 75349 84710 55093 80011 38635 51029 17458 62559 66365 39797 13400 28920 38336 37892 84414 65280 3078 37156 11399 31713 98557 60560 27972 46262 95904 4242 81237 10111 73793 98565 56409 33719 94474 11273 5370 49624 18823 61848 49117 33691 53015 20239 47722 3831 14140 25507 20996 51939 94704 33396 95457 49184 71469 2608 87193 54480 41254 85774 67976 87353 78899 26317 27309 31775 94621 54802 93085 98035 16596 86494 15053 31906 63264 3343 84597 33299 81309 45439 53978 12765 42045 83618 52018 33853 79689 84641 80248 21555 60625 96829 86897 34377 87379 44918 91588 2935 53628 41757 90814 97632 26365 56954 14273 72113 12062 95041 70478 95867 67654 38621 38468 61429 41522 68742 52934 12219 94710 85583 12168 136 38253 9835 34541 34578 48651 48715 90147 34507 12505 17526 90303
617 128
79812 63073 87822 87018 64890 78794 56382 15380 1019 80810 29577 36187 54414 70800 52131 17535 73403 69109 98582 53950 92168 7748 44500 63485 98468 11179 58349 73699 88232 45916 57328 34187 46352 79927 73106 29677 35875 90517 79773 93064 18945 52222 51176 83218 28640 55925 82313 54887 9492 77517 80201 34470 84275 79830 72919 90373 15034 91226 67176 47970 1669 52432 73070 58899 82160 96265 13211 32294 31224 46577 67129 42243 47706 96359 83352 25354 1378 99261 89474 81469 18756 54614 74648 73764 48802 75285 45089 63859 62705 87173 44617 19684 32691 15267 21658 50520 64216 5846 20416 1027 61641 47265 8060 87602 45274 88416 21742 13099 82787 67504 16674 99380 443 66197 27411 75654 16478 18632 37072 54691 68385 13889 22342 66847 48062 91753 80429 60075
837 288
22788 3746 99219 60324 10862 54520 31324 75377 40783 19675 95148 94440 976 43810 36856 7102 12611 898 83693 70284 30583 73574 88645 48433 27241 38670 94665 91615 5872 68313 98569 17921 44401 96405 75149 51038 39979 66754 77226 82711 79846 13162 50131 13698 98567 88425 5786 87026 10277 46555 63669 89021 11742 32702 51114 51636 10845 1594 51683 74175 29293 77050 70953 75348 54311 92662 36221 66048 22963 38296 4156 59859 96821 7818 79707 38871 74204 32775 20574 11370 96534 88153 68622 7573 7057 70740 48670 12340 69914 45430 56835 7963 5605 27533 73229 22570 48148 69739 21201 10100 98502 69554 44411 80652 38610 83188 82721 62900 91582 97435 10763 90920 56842 8515 39628 46699 21443 76375 84372 99522 97548 95013 70593 57382 83868 62496 46354 89724 1739 41310 94788 92459 96610 88171 68036 93949 9215 44338 28790 84782 61865 6821 1878 956 71071 92994 63975 98121 21959 16628 48007 26375 18698 91700 27414 58029 5398 50691 56456 70113 61892 41879 28190 46153 95655 15750 24253 11474 27141 14883 33500 5228 7160 31593 8599 91767 28303 23504 78651 29634 62416 57901 33334 21885 17286 38684 38793 43960 48196 41112 27536 76963 74388 91231 92940 30794 78701 68011 82840 48408 19536 38126 60524 93078 57139 83044 95398 40411 43458 66399 47720 86802 73112 355 30828 11304 76839 76837 23353 77342 23623 49924 30591 13130 13083 89298 5304 45434 87358 51750 67098 38925 39317 63929 91260 59706 42727 82104 48789 12501 13898 81051 52767 66241 11564 2915 81677 66520 78959 37465 4837 83813 66825 1122 49023 33483 22630 87235 55887 97636 6531 58329 39630 67751 90553 52330 20446 97140 495 37310 75930 33031 4815 20328 71205 42295 90032 612 47834 98306 92955 56369 25107 60802 46275 79165 11713 20684
388 400
29655 94086 48415 85862 21260 3410 38755 68297 76479 95111 82308 48976 66801 44257 45807 59402 94279 60317 38341 20080 91344 45604 49290 51126 81840 33624 49704 22204 36822 26517 10139 2986 48527 51364 21680 35901 4951 35758 65834 75274 42326 93179 21869 41931 21060 15590 31107 55202 8727 24199 88705 2252 44619 42703 41164 13000 62365 63183 91141 37590 40030 9414 63664 91876 83806 35881 65552 84480 15906 61884 82355 69939 41018 93525 33373 85815 63378 95677 98074 74869 45592 40993 97674 18280 19050 37198 1617 73503 10052 83751 64354 35610 92972 69191 26287 89319 49918 23689 20400 60944 68493 30261 90202 97694 22496 71887 40765 92077 18555 49999 51285 11725 75803 93738 77971 54576 51548 85201 22571 30475 76667 9343 52882 77055 18975 13316 61861 67259 54665 23175 66240 83641 83403 90306 27497 89509 17276 31535 45795 98907 80724 59080 11178 64794 58576 44144 92580 66395 42060 69348 51378 839 58380 35810 83191 92285 70849 16788 74327 30423 66687 33375 24551 32190 59071 27465 35032 86579 86404 58501 44168 40742 7493 59059 8681 30843 37529 43308 59710 79939 87197 95936 5105 63732 75232 81831 8844 82515 19113 68315 59185 23536 2761 17242 21556 98284 71832 41842 52557 35890 64677 36049 22214 99901 19276 23787 56631 15126 23913 579 65226 199 79478 33964 47289 3963 89840 59354 44768 99583 64044 57931 53123 53418 16173 42203 22598 62524 65863 11047 55977 69794 74993 51399 3461 99630 30825 22121 41425 10357 50388 5246 46633 68795 18135 92035 82837 93338 54966 22271 67971 53529 17008 20662 45334 20092 95865 68246 78833 68977 82259 7323 31010 75316 52796 61910 84238 17807 48850 91626 23410 1928 47705 50449 64055 58766 93361 69778 46643 30457 52680 66382 28754 1606 13701 70548 83233 2308 81465 79410 27340 47226 92217 28575 22897 4489 13506 1170 16275 10223 61736 13268 58979 86294 81396 75326 19404 72129 29604 58129 77035 74723 34467 38331 88796 63794 61789 60581 41390 74117 13561 44336 50453 31355 82331 1541 41746 73715 44189 80919 28112 47393 99552 29056 23608 19960 82282 5727 73186 33752 87070 1412 60309 3351 83683 19023 27547 52000 29107 72015 49504 44818 54998 92595 625 16369 85210 14240 31811 94640 27445 12451 70243 94816 79298 98184 37477 99389 56439 37520 20848 14480 59210 77198 70056 64233 82057 48317 93929 92016 15469 50334 52571 7168 99263 29478 42220 266 36707 94254 51383 84045 49319 17742 87834 19673 67138 9096 86307 66574
515 107
76186 28971 38790 99761 18409 29503 35671 1500 63742 69855 95543 86013 27843 42511 81836 66422 22333 31353 53041 52495 99363 77347 521 68597 4830 32281 10895 41997 54401 48838 69258 29880 64078 2923 92205 66752 59924 54359 57207 25873 94947 4602 56709 20846 75842 89807 42042 39100 12543 47050 38027 59873 70965 78419 12874 37527 24827 68663 76857 19593 76906 21679 88844 37483 46475 22735 62466 35811 60188 65463 492 96770 79733 12012 37866 79039 43387 68910 40537 74294 42460 7731 83689 14167 84025 48760 7287 39741 94748 31502 4525 52944 23549 46310 10226 15445 31350 25006 29209 22709 24093 41086 48339 82342 20876 92392 34465
498 460
14285 39454 24104 40343 28331 34305 34159 9768 26524 23714 73166 52266 80992 81912 50474 59335 68995 62488 19441 50679 2999 15011 72460 4158 72385 50784 41898 53572 38395 67592 56617 58241 37433 7767 48154 22545 67883 77124 70809 27820 41501 74502 99851 3377 66634 83252 60543 61095 59632 81762 11735 70974 5661 13608 8250 87667 45228 20153 87558 47777 63002 90583 52229 92741 57809 61850 5286 24664 65684 19143 78826 84266 55086 65877 79326 67372 83156 73322 40170 59841 62676 94443 50348 17877 78947 25782 4241 97551 33391 52494 25754 89943 12854 96525 2556 72560 83464 47876 41850 74429 70795 29466 95923 86643 97026 88781 99259 89038 83142 59336 19109 95746 10966 91782 7775 55714 24214 86755 27937 92306 26675 81117 73294 95178 4415 50970 79677 98491 87442 2881 19990 31959 12325 13690 61005 32623 8415 40287 28002 68514 62815 39382 37552 20073 95915 94781 60920 76138 36544 90291 6343 95254 1238 15973 48184 12878 80596 22371 13255 32741 91550 31603 27812 12918 23054 92986 59937 19205 91023 12362 55417 83742 54655 82536 60609 1495 67483 45024 54249 55686 23383 90091 174 76082 73868 78934 32858 73845 78892 98102 86912 16382 77995 78786 55398 10921 46303 42833 51776 63301 46197 68612 71998 28039 139 77284 72793 10569 57959 53034 51772 74638 48854 15223 40908 16035 92109 88306 92374 43767 68918 38847 86544 78484 64290 25861 88366 17088 78881 12639 64231 92488 8837 1573 39923 63475 98174 26682 85959 83502 64740 53822 48842 45460 86918 41264 65055 51519 84323 66803 91624 81821 95245 65158 8414 59593 30338 7977 25857 34468 22987 13172 42426 77647 72340 46342 97318 67408 78378 20563 64388 86264 9151 44193 58542 16529 76285 49323 15704 3942 29130 68660 64621 13737 91156 54513 30709 59551 55910 58732 36096 55599 1102 20698 83423 30163 6116 87851 46020 73943 24614 10137 70710 89869 97626 63906 32467 26570 34378 9301 61679 60164 10047 83370 81378 53860 36788 45567 64729 37201 60114 97582 74756 10516 37178 99439 12894 51236 4008 36051 40724 7939 31728 74868 88319 18559 46497 96194 6705 89656 6055 7879 36118 66097 73249 4805 34880 83889 98535 21998 22566 96293 78547 63583 60052 98698 96028 95200 34441 19507 71677 28417 59864 9369 70051 98040 35478 77756 37767 37047 93063 37353 9556 68173 63841 93840 78582 68839 85543 25082 75480 99816 26676 62163 81633 66217 17513 340 91238 78626 43651 6141 99335 44269 29425 93551 77867 7389 72059 64404 64236 88704 71921 29651 18430 65850 95273 66804 45740 64412 77842 68901 26050 70496 21133 53129 95045 8787 97412 58880 49963 22842 61697 62198 49448 83644 75913 53174 6426 11231 68258 75592 23994 25155 98878 86501 79635 2201 15814 66020 28109 51489 30710 29311 331 18061 25772 83778 28780 51696 30667 43849 2636 74325 19689 24700 96102 1397 73951 22284