16
960 111
52283 78036 97240 9421 25355 84320 65075 8638 79676 3101 15855 99308 97687 96093 52636 84873 99784 5471 5725 54444 54143 9546 12806 31496 39021 60256 48693 87227 32705 33843 71219 74055 17116 88364 10637 9966 51861 21090 10869 29567 46962 54465 83591 946 89679 50486 59962 94718 50403 64418 62564 265 53485 71564 54522 44935 2051 72223 23922 35120 53154 77346 94999 59873 52327 46174 48563 84810 59494 31978 28768 12818 63356 66161 50052 12061 59687 51196 87712 2488 54891 62456 87445 43639 19431 11448 38070 42917 48316 26599 59943 39628 42225 5475 31336 63779 66862 107 25961 74361 78074 30117 94952 76539 17016 7544 51876 10246 4772 49114 44261
345 99
18780 909 27194 53371 93506 40688 60044 77433 46830 67835 43678 11155 79533 12122 3643 34081 70007 18836 63367 79204 31543 53952 32086 59800 32687 4985 44631 13273 75269 85130 57555 35454 14529 25046 25490 53331 71580 8460 9072 94392 11569 93210 38844 25649 86962 81026 62251 60681 46541 2813 27876 62120 52092 35146 48436 67453 57587 69386 14136 54618 58569 46918 83797 49726 16279 48445 89275 90733 54759 32967 13096 70045 51657 47044 54833 22031 18924 2793 91040 49783 58714 47976 89511 9844 70269 82196 5633 880 71140 967 46239 58235 41904 698 38678 71301 19434 33481 10102
891 106
4758 96710 57316 66180 20258 6945 24538 13212 69676 89404 64778 42660 22149 1738 65971 60136 88725 50230 14527 52231 11428 55366 28076 12787 49685 27340 24388 55752 26733 68209 94748 74906 59160 89902 58450 62937 16611 14395 69081 29149 21847 58687 18417 17088 44237 62879 38522 58668 79526 39430 3569 31069 32962 11134 59052 92082 49351 62869 17284 37844 76797 92760 37640 18645 15018 972 44431 67024 99942 50422 87795 88269 76456 16794 99700 78982 55433 4188 92797 94268 94356 70699 78584 20905 31628 80995 37591 28126 91580 89399 73092 22889 97291 10667 78471 84664 62933 78547 7320 41101 90141 33668 71367 71771 50570 42892
153 123
62092 83707 58395 31103 70138 22851 86230 35956 88754 40754 42473 38527 5567 60896 73312 98993 41302 74665 39365 48289 6603 93447 45553 38162 61210 81340 76540 95253 48237 31613 31629 62536 19406 73898 35461 19820 96191 57210 25545 70985 76992 58134 43648 5841 55589 72235 20643 5630 33827 66691 25701 23857 34468 91739 74915 17916 60192 30433 28870 60065 25536 95434 55539 55867 88664 4687 92921 85924 67895 25204 82909 42672 38997 64357 87884 94005 89653 65173 8019 54575 50731 31833 60313 83165 99514 82025 63567 37037 98906 12326 50155 65000 24082 85557 97293 74538 58936 21348 63471 16810 68936 71010 69612 69907 95680 45422 92772 61998 35907 29110 43976 31296 72042 83074 17428 23789 23461 2795 69325 42747 73605 81942 67420
89 70
92744 58703 90749 50590 71383 20116 41125 97275 50040 81810 85356 54075 37492 56354 40236 56661 47550 56709 3868 39542 65615 58198 83761 84150 12351 86756 49601 75494 39342 14869 11181 25069 63207 59141 5593 16971 70570 75592 71836 92173 42953 96332 79813 44879 79615 34512 77537 77757 83934 29413 48740 21103 97987 84625 59862 83901 39132 80963 15556 11365 53939 60332 89613 20161 73461 70496 88500 36590 33773 9553
127 164
63962 644 94682 39232 58952 54581 36983 810 44837 86515 98764 9588 58438 55052 80727 91854 46697 17350 38766 23775 86514 36412 70799 51446 61459 53453 15975 81732 28015 5963 63291 17246 45034 29480 28931 24364 43835 70611 54498 301 78249 4516 87293 56487 97415 14794 30591 32521 73486 90044 97215 52968 42336 32030 59389 77077 55854 18423 24177 35595 3290 26343 9102 54155 57417 28323 50538 87753 29470 4890 51460 87014 9075 19691 48383 43662 46709 83532 87820 99219 84019 23855 26328 13681 88430 67221 32205 30355 15040 39690 65688 36695 35806 77426 95687 57721 57174 74049 30136 25641 5569 86775 43933 48953 19490 88751 12104 17651 32286 2286 87987 20701 43812 61415 19709 18976 59896 89084 16266 37605 526 84728 46627 72165 88266 67429 84053 78001 44471 2696 96219 92028 87635 4153 55391 26769 59081 15760 24278 35244 57398 91455 23978 66788 74849 68877 8588 39882 37644 22991 46453 94962 64294 68481 59523 79279 91765 22150 64358 77496 70028 2689 31014 12558
104 53
91627 37849 6582 96133 68697 86013 86878 4386 98458 54642 47235 94477 20568 59961 141 81443 3160 25208 21326 22098 32099 75719 22182 6276 44980 64295 21149 53550 87373 36575 73823 47165 51093 20911 29692 96734 57624 95619 83204 13050 22566 69418 49340 80343 65174 98845 53039 54611 26272 16248 93797 66805 35639
125 59
59866 36229 60082 28641 23683 91190 24848 74990 14885 83354 52257 66935 74011 57407 1173 37535 29363 502 50575 14899 21451 55339 57470 45042 67549 19035 79022 23365 92625 7536 13446 1012 90535 66663 1730 11118 79930 9552 62003 52288 3144 16660 88234 61333 91387 80938 29476 98641 776 10983 4215 6696 74396 33271 67868 15586 3838 72890 35213
15 45
64801 53369 98624 25771 640 97136 50057 22570 95288 5171 64192 12655 71190 44384 89219 37229 87066 79668 85045 83648 85505 49922 50277 55773 79034 980 14130 62621 87516 82100 59080 8958 44189 42378 8709 88411 26339 63399 87356 59235 52748 35367 18222 58969 84676
12 101
11313 24531 45685 92986 3208 3855 64175 64338 98291 98738 12245 29112 77001 32869 25368 51119 65770 43364 57232 15062 94576 43 32424 8656 58525 52634 40229 77084 60828 44671 51461 61577 54304 51717 85341 80921 6145 76380 40078 79318 37693 18828 84185 42820 21701 4196 24298 50471 18255 94606 88114 83451 69170 10240 15401 75958 64716 16375 1821 27099 90885 43215 15864 64986 26589 50245 17982 24032 84191 60422 57572 29332 5379 46640 52377 44291 53219 26483 51251 55695 48553 10766 62530 74065 25393 38541 54660 73110 24470 21563 67985 90933 82646 12150 80068 67488 62768 61843 43114 52179 19216
300 62
28034 32656 45599 33950 84902 18900 18714 16359 44653 61847 54613 62273 74239 15031 66737 29354 73030 8982 41180 61258 63747 67740 60587 6391 16841 49815 94824 38777 62880 66281 44242 35960 85871 62857 57873 59290 65150 18257 4155 31061 26827 21474 21801 1006 82838 64182 69964 80734 65657 44764 85114 31384 41111 78183 44800 94522 51833 16635 81030 88247 39722 88166
366 55
20304 49334 55096 42666 25442 77037 48034 38287 50480 93787 9078 23772 19426 61642 38540 49647 67568 39100 56538 30775 7902 84152 69251 81704 62047 88387 67118 82059 94990 21490 14719 75227 87285 84463 36950 42674 47534 9972 60359 36067 61512 27285 15312 69184 4600 33750 26860 96508 8895 22856 19413 46212 87699 58518 11493
632 31
50021 20601 85408 68732 51585 1602 17890 33200 9569 35370 95255 48171 83106 74111 98953 344 69568 87417 15471 10585 57027 5027 55182 31123 944 77217 22085 16299 12445 77063 79812
473 33
77385 90147 82994 90121 18795 29360 53448 35501 86848 67491 97819 94803 41936 89120 41091 2234 71896 21259 57108 75262 49217 33 85560 94301 97181 80585 58683 969 39039 77208 2999 49197 12582
645 16
37503 25857 94335 75243 70748 25420 55827 98958 5428 41610 99709 40430 27327 17206 5871 19201
243 10
66439 68309 45330 49656 91058 30870 64527 92172 28938 62162